slug: site-074
title: "Site-074"
tags: ["document", "site", "translated"]
69	1526977914	1735350556	9487909
68	1526977913	1735350547	9487909
67	1519336287	1712119255	3050074
66	1512440607	1690071930	8441784
65	1388835945	1644764621	5716946
64	1075276542	1587837581	3118961
63	1046881344	1582477673	3118961
62	986201468	1574323062	5293995
61	906212808	1566664741	3118961
60	904432498	1565990844	3952836
59	904432263	1565990422	3952836
58	902941989	1565709706	3118961
57	899806545	1565021682	3952836
56	881062255	1562647801	5293995
55	801937535	1555968982	3803946
54	732424285	1555016363	2776183
53	683789599	1553281591	3646714
52	682541906	1552470190	3970162
51	682541895	1552470128	3970162
50	641828601	1550053992	4584404
49	570350856	1546740854	4608740
48	494397056	1544493330	3646714
47	494373442	1544493238	3646714
46	492265610	1544483643	3646714
45	492254653	1544483597	3646714
44	491885702	1544481214	3646714
43	491885541	1544481146	3646714
42	458601219	1544109879	2241229
41	423826718	1543097404	3646714
40	357549061	1541636682	4608740
39	235266608	1540081632	2773416
38	235232303	1540081310	2776183
37	158547645	1538837506	3722979
36	147816732	1537175783	3992967
35	147052911	1536248855	1657217
34	146910225	1536032848	3625466
33	136105527	1533068217	4269426
32	136061788	1533048323	4269426
31	136061677	1533048228	4269426
30	136059329	1533047126	4269426
29	135263581	1532732434	4269426
28	135262283	1532732228	4269426
27	135256882	1532731140	4269426
26	135254410	1532730668	4269426
25	135252811	1532730348	4269426
24	134586171	1532566575	2773416
23	133398507	1532076107	4269426
22	133066233	1531863213	4269426
21	133066150	1531863182	4269426
20	133065989	1531863149	4269426
19	133061394	1531861622	4269426
18	133060146	1531861264	4269426
17	133002851	1531842928	4269426
16	133002832	1531842907	4269426
15	133002520	1531842810	4269426
14	133001927	1531842557	4269426
13	133000636	1531842115	4269426
12	132959028	1531825568	4269426
11	132957906	1531825284	4269426
10	132940686	1531819039	4269426
9	132939474	1531818503	4269426
8	132834040	1531772477	4269426
7	132831704	1531771498	4269426
6	132831547	1531771446	4269426
5	132831482	1531771379	4269426
4	132831347	1531771360	4269426
3	132831345	1531771348	4269426
2	132831252	1531771338	4269426
1	132831249	1531771326	4269426
0	132831075	1531771226	4269426
