slug: nathan-h-keller
title: "Inv. Nathan H. Keller"
tags: ["document", "personnel", "translated"]
85	1530509508	1749942956	9487909
84	1530509505	1749942944	9487909
83	1357795045	1606064170	3992967
82	1356007239	1600813331	3992967
81	1356007231	1600813320	3992967
80	1311409247	1597571804	3992967
79	1311409245	1597571787	3992967
78	1311394349	1597502614	3992967
77	1311394299	1597502416	3992967
76	1311394267	1597502258	3992967
75	1311394244	1597502142	3992967
74	1311394230	1597502086	3992967
73	1198187461	1591806524	3992967
72	1198186828	1591805188	3992967
71	1198161012	1591705489	3992967
70	1075393816	1588102027	3992967
69	1075393775	1588101900	3992967
68	1075393491	1588101380	3992967
67	1075393483	1588101365	3992967
66	1075391930	1588098116	3992967
65	1075391891	1588098038	3992967
64	1075276422	1587837089	3118961
63	1073175282	1586541884	3992967
62	1073175279	1586541867	3992967
61	1035413697	1581777897	3992967
60	1034700153	1581345732	3992967
59	1034700146	1581345720	3992967
58	1034700143	1581345711	3992967
57	1034700107	1581345549	3992967
56	1034700060	1581345334	3992967
55	1034700030	1581345151	3992967
54	1034699805	1581344399	3992967
53	1034699745	1581344094	3992967
52	1034266013	1580299603	3992967
51	1034190632	1580034536	3992967
50	1034126393	1579800057	3992967
49	1033737953	1578416489	3992967
48	1033737658	1578415460	3992967
47	1033736964	1578412410	3992967
46	1033639092	1577966465	3992967
45	1033616811	1577884359	3992967
44	1033616443	1577883544	3992967
43	1033616295	1577883303	3992967
42	1033615808	1577881818	3992967
41	1033615764	1577881701	3992967
40	1033605914	1577860811	3992967
39	1033605899	1577860761	3992967
38	1033573817	1577727115	3992967
37	1033573475	1577725545	3992967
36	1033573054	1577723574	3992967
35	1033573052	1577723560	3992967
34	1033570492	1577712245	3992967
33	1033570386	1577711943	3992967
32	1033570268	1577711323	3992967
31	1033570082	1577710196	3992967
30	1033536175	1577591151	3992967
29	1033536173	1577591140	3992967
28	1033536172	1577591132	3992967
27	1033536165	1577591062	3992967
26	1033536162	1577591048	3992967
25	1033536157	1577591029	3992967
24	1033536145	1577590933	3992967
23	1033536143	1577590916	3992967
22	1033536006	1577589566	3992967
21	1033535628	1577587515	3992967
20	1033535618	1577587498	3992967
19	1033535484	1577586388	3992967
18	1033535469	1577586304	3992967
17	965907882	1570975035	3992967
16	965907374	1570973404	3992967
15	965905805	1570967707	3992967
14	961957474	1570262559	3992967
13	961956959	1570261658	3992967
12	961956903	1570261579	3992967
11	961955676	1570260862	3992967
10	951208676	1568818211	3992967
9	951208616	1568818081	3992967
8	944454898	1567992413	3992967
7	929918413	1567479259	3992967
6	915138854	1567171010	3992967
5	906793347	1566844618	3992967
4	906787275	1566841675	3992967
3	906787218	1566841646	3992967
2	906787163	1566841621	3992967
1	906787108	1566841594	3992967
0	906787053	1566841567	3992967
