slug: death-of-character
title: "Death Of Character"
tags: ["document", "military", "short"]
12	1367008771	1626202215	3952836
11	1084217054	1588360603	3118961
10	1034528209	1580763211	3970162
9	1034517922	1580731430	3118961
8	1034510466	1580705094	3970162
7	1034510447	1580704985	3970162
6	869302486	1561525773	3952836
5	844820443	1558016339	3118961
4	843015608	1557965617	3952836
3	842575826	1557959238	3970162
2	842570840	1557959174	3970162
1	842562000	1557959058	3970162
0	842557482	1557958988	3970162
