slug: 008
title: "008 - Регихалковый голем"
tags: ["артефакт", "исследуется", "колоссальный", "неизучен", "разумный", "существо", "сюжетный"]
31	1524283896	1725051628	754405
30	1514472555	1696405211	754405
29	1460957367	1652130674	754405
28	1367322256	1627678851	754405
27	1366779689	1625001080	754405
26	1365009022	1620681076	754405
25	1364786459	1619731353	754405
24	1082432772	1588280417	754405
23	94287325	1514581407	754405
22	84037932	1495636403	754405
21	80230341	1485896417	754405
20	78942780	1480453226	754405
19	75632536	1464555612	754405
18	55916460	1440219650	754405
17	51023109	1416583825	754405
16	50891559	1415806312	754405
15	46034922	1393603462	754405
14	45380997	1391179794	754405
13	38660569	1370875150	754405
12	34782796	1357587700	754405
11	32642318	1349792247	1191487
10	30152022	1336756080	754405
9	30024254	1336058240	754405
8	30023345	1336053608	1191487
7	30023341	1336053585	1191487
6	30012714	1335985778	754405
5	29969887	1335758855	754405
4	29821328	1334846973	1191487
3	29808045	1334770801	754405
2	29742026	1334375946	754405
1	29742024	1334375919	754405
0	29742016	1334375779	754405
