slug: labs
title: "Лаборатории"
tags: []
27	1378959325	1630352039	5608674
26	1372322875	1629830424	7310155
25	1367408505	1628077095	6800964
24	1367233489	1627317709	1305734
23	1357492701	1604835401	6815712
22	1319838064	1599411425	6815712
21	1216020049	1593711936	6274710
20	1216016737	1593711907	6274710
19	904484441	1566167104	2165167
18	900937596	1565409567	5034401
17	900937563	1565409320	5034401
16	900937339	1565408924	5034401
15	900937220	1565408417	5034401
14	900937214	1565408350	5034401
13	641535210	1549353260	1767012
12	147957149	1537477147	4473061
11	147553603	1536947905	4473061
10	135223673	1532724260	3614016
9	86669486	1500756812	2532662
8	84671185	1496746210	3154805
7	81398543	1490031313	2074508
6	78581922	1479035899	1305734
5	75198907	1462873388	2062532
4	70191901	1458789235	2278265
3	55116164	1437393926	754405
2	49027307	1406990537	1938919
1	49013724	1406922433	1305734
0	47590626	1400576211	754405
