slug: aep-017
title: "AEP-017"
tags: ["_author-page-hide", "aep", "document", "goi-doc", "non-canon"]
26	1514324874	1695935294	5982545
25	1460213121	1650233382	3638389
24	1459208501	1647907534	5258122
23	1359476753	1611890452	3118961
22	1357648984	1605469520	3118961
21	1357648975	1605469503	3118961
20	1075274301	1587830307	3118961
19	1034683209	1581277886	3118961
18	989549362	1575247059	1315056
17	986471636	1574822315	3118961
16	981925017	1573961679	4315330
15	902942440	1565710655	3118961
14	901588667	1565579820	5258122
13	806359991	1556613008	4981794
12	683954217	1553292016	1315056
11	683499514	1553087068	3970162
10	682077188	1552367616	3970162
9	682075976	1552362803	3970162
8	641455918	1549150990	3646714
7	641451794	1549140917	3646714
6	550504656	1546318569	3118961
5	550501216	1546310044	3118961
4	550500814	1546308926	3118961
3	550500458	1546308041	3118961
2	541387180	1546147553	4583766
1	541121771	1546143570	4583766
0	541073307	1546142748	4583766
