slug: eric-r-driscoll
title: "Eric R. Driscoll"
tags: ["document", "personnel", "translated"]
47	1530509517	1749943033	9487909
46	1530509515	1749943025	9487909
45	1379132511	1630860467	2976054
44	1364708619	1619407000	2976054
43	1364708613	1619406978	2976054
42	1364703842	1619382051	2976054
41	1355756189	1600171094	2976054
40	1355755602	1600168637	2976054
39	1075276419	1587837080	3118961
38	1073625302	1587000617	2944267
37	1034013779	1579447304	2976054
36	1034013775	1579447277	2976054
35	1034013773	1579447272	2976054
34	1034013772	1579447264	2976054
33	1034013763	1579447231	2976054
32	1034013753	1579447197	2976054
31	1034013747	1579447171	2976054
30	1034013648	1579446820	2976054
29	1034013645	1579446803	2976054
28	1034013622	1579446647	2976054
27	1034013568	1579446378	2976054
26	1034013560	1579446341	2976054
25	1034013521	1579446298	2976054
24	1034006197	1579414822	2976054
23	1034006184	1579414770	2976054
22	1034006146	1579414699	2976054
21	1033442262	1577186571	2976054
20	1033442260	1577186562	2976054
19	1033442205	1577186386	2976054
18	1033442168	1577186238	2976054
17	1033442164	1577186226	2976054
16	902942138	1565710040	3118961
15	899086622	1564985497	3638389
14	899085753	1564983672	3638389
13	803824306	1556378046	2976054
12	803821635	1556377977	2976054
11	803818598	1556377903	2976054
10	803816580	1556377853	2976054
9	737960660	1555133556	2976054
8	712111524	1554034699	2776183
7	683376046	1552962286	3952836
6	636360029	1548449472	2976054
5	204669756	1539451539	2976054
4	204667240	1539451525	2976054
3	174177025	1539193704	2976054
2	146910188	1536032753	3625466
1	142656966	1534612847	2976054
0	142656665	1534612718	2976054
