slug: 024
title: "024 - Шаннам"
tags: ["артефакт", "исследуется", "комплексный", "локация", "неизучен", "повторяется", "сооружение", "сюжетный"]
13	1524283972	1725052266	754405
12	1460957674	1652132654	754405
11	1460957463	1652131326	754405
10	1447416652	1647796811	754405
9	1367322498	1627680135	754405
8	1366779826	1625001728	754405
7	1365009029	1620681091	754405
6	1364786551	1619732016	754405
5	1034684202	1581282003	754405
4	94287329	1514581409	754405
3	80231303	1485897740	754405
2	79611806	1483488027	754405
1	78942793	1480453256	754405
0	78942771	1480453214	754405
