slug: maryland-s-bathroom-mold-es
title: "Moho en Maryland [ES]"
tags: ["translation"]
14	1358289688	1607545126	3118961
13	1358278015	1607536012	4318134
12	1358278011	1607535994	4318134
11	1358277995	1607535905	4318134
10	1358277801	1607535181	4318134
9	1358277796	1607535130	4318134
8	1358277783	1607535017	4318134
7	1358277697	1607534512	4318134
6	1358277645	1607534454	4318134
5	1358277614	1607534293	4318134
4	1358277600	1607534185	3672751
3	1358277578	1607534042	3672751
2	1358277550	1607533860	3672751
1	1358277546	1607533820	4318134
0	1358277498	1607533700	4318134
