slug: rpc-509
title: "RPC-509"
tags: ["academy", "alpha", "grouped-hazard", "memory-alteration-hazard", "rpc", "visual-hazard", "yellow"]
17	1544899324	1782638342	7013424
16	1531166931	1753378824	7013424
15	1519329952	1712073571	8622928
14	1364969469	1620453661	5716946
13	1359435094	1611745082	6579982
12	1359435076	1611744999	6579982
11	1358662321	1608844517	4433848
10	1358645663	1608760446	5982545
9	1358409796	1607872397	4433848
8	1358398365	1607814319	4433848
7	1358395565	1607800115	4433848
6	1358358126	1607694130	4433848
5	1358358087	1607693869	4433848
4	1358347233	1607631734	4433848
3	1358347199	1607631451	4433848
2	1358347151	1607630898	4433848
1	1358347126	1607630706	4433848
0	1358347107	1607630563	4433848
