slug: rpc-833
title: "RPC-833"
tags: ["aggression-hazard", "auditory-hazard", "destabilization-hazard", "emotional-hazard", "gamma", "grouped-hazard", "memory-alteration-hazard", "red", "rpc", "sensory-hazard", "sentient-hazard", "uncontained", "visual-hazard"]
10	1523124432	1721425800	1619464
9	1462103821	1655602171	5293995
8	1366625419	1624471316	3672751
7	1359389470	1611511319	3672751
6	1358901230	1609886041	3672751
5	1358900620	1609883130	3672751
4	1358620102	1608654158	3672751
3	1358611822	1608615885	3672751
2	1358611811	1608615667	3672751
1	1358611788	1608615358	3672751
0	1358611783	1608615310	3672751
