slug: component:aedf-theme-archived
title: "AEDF Theme (Archived)"
tags: ["archived-by-author", "theme"]
16	1366594260	1624318347	5258122
15	1366594191	1624317532	5258122
14	1366593917	1624314719	5258122
13	1358929674	1610039602	5258122
12	1358689020	1609004757	5258122
11	1358622371	1608663536	5258122
10	1358620652	1608656395	5258122
9	1358620645	1608656342	5258122
8	1358620611	1608656112	5258122
7	1358620606	1608656093	5258122
6	1358620603	1608656074	5258122
5	1358620595	1608656033	5258122
4	1358620588	1608656008	5258122
3	1358620583	1608655974	5258122
2	1358620580	1608655959	5258122
1	1358620574	1608655941	5258122
0	1358620510	1608655637	5258122
