slug: the-fall
title: "The Fall"
tags: ["alt-timeline", "children-of-nihil", "co-authored", "eoi-tale", "horror", "rcpa", "tale"]
27	1513110831	1692484309	3050074
26	1479178613	1658407972	3672751
25	1367356451	1627801940	6436891
24	1362325250	1618637390	6436891
23	1362170054	1618080821	6436891
22	1362170023	1618080710	6436891
21	1361941667	1617038224	6436891
20	1361941216	1617035812	6436891
19	1361941211	1617035760	6436891
18	1361941196	1617035582	6436891
17	1361769690	1616537339	6436891
16	1360292373	1615256287	6436891
15	1360291748	1615252434	6436891
14	1359832090	1613191116	6436891
13	1359832078	1613191077	6436891
12	1359832053	1613190988	6436891
11	1359831870	1613190445	6436891
10	1359831644	1613189857	6436891
9	1358906956	1609919053	6436891
8	1358906936	1609918940	6436891
7	1358897532	1609869460	6436891
6	1358888058	1609830859	6436891
5	1358883522	1609803229	6436891
4	1358870532	1609745728	6436891
3	1358870453	1609745407	6436891
2	1358869094	1609741851	6436891
1	1358868777	1609740784	6436891
0	1358868707	1609740506	6436891
