slug: rpc-807
title: "RPC-807"
tags: ["alpha", "rpc", "toxic-hazard", "transmutation-hazard", "utility", "yellow"]
23	1525635014	1730845202	6579982
22	1522991940	1720683738	6579982
21	1511998454	1688653780	5982545
20	1366994248	1626114892	6579982
19	1366945915	1625861757	6579982
18	1365719477	1621495480	6579982
17	1364711359	1619422709	6579982
16	1361928627	1616964413	6579982
15	1361862317	1616702377	6579982
14	1361862305	1616702327	6579982
13	1360219921	1614904851	6579982
12	1359868999	1613353431	6579982
11	1359868603	1613351742	6579982
10	1359499886	1611999492	6579982
9	1359361389	1611377077	6579982
8	1359361385	1611377035	6579982
7	1359361265	1611376343	6579982
6	1359239372	1611046536	6579982
5	1358934300	1610065073	6579982
4	1358923819	1610017007	6579982
3	1358923581	1610015984	6579982
2	1358923543	1610015913	6579982
1	1358923540	1610015884	6579982
0	1358923531	1610015865	6579982
