slug: rpc-454
title: "RPC-454"
tags: ["aggression-hazard", "beta", "bio-hazard", "church-of-malthus", "contact-hazard", "microscopic-hazard", "mind-regression-hazard", "orange", "rpc", "transmutation-hazard"]
16	1531165242	1753369636	5265843
15	1496889986	1666641576	5265843
14	1388297210	1642581982	5265843
13	1360321024	1615386668	5265843
12	1360308620	1615320157	5716946
11	1360308543	1615319971	5716946
10	1359177790	1610826733	2776183
9	1359111615	1610594045	5265843
8	1359059091	1610444810	5265843
7	1359057535	1610440375	5265843
6	1359000133	1610288039	5265843
5	1359000097	1610287972	5265843
4	1359000093	1610287917	5265843
3	1359000085	1610287851	5265843
2	1359000078	1610287816	5265843
1	1358982664	1610237401	5265843
0	1358978975	1610222123	5265843
