slug: site-286
title: "Site-286"
tags: ["document", "gd-schl", "site", "translated"]
18	1526977972	1735350900	9487909
17	1526977968	1735350875	9487909
16	1526977965	1735350866	9487909
15	1459783448	1649034352	3672751
14	1372622795	1629918608	2818841
13	1366136540	1622551274	4433848
12	1366136249	1622550225	4433848
11	1366136232	1622550102	4433848
10	1362420865	1618762052	4030631
9	1362082388	1617759161	3512728
8	1362082366	1617759010	3512728
7	1362082363	1617758997	3512728
6	1362082361	1617758985	3512728
5	1359439387	1611764376	4433848
4	1359170466	1610805688	4433848
3	1359170452	1610805645	4433848
2	1359170304	1610804932	4433848
1	1359170158	1610804621	4433848
0	1359170154	1610804603	4433848
