slug: rpc-424
title: "RPC-424"
tags: ["alpha", "bio-hazard", "church-of-malthus", "emotional-hazard", "explosive-hazard", "extreme-temperature-hazard", "microscopic-hazard", "organic-hazard", "regenerative-hazard", "rpc", "sensory-hazard", "translated", "transmutation-hazard", "yellow"]
29	1543350441	1776240045	4330657
28	1543166025	1775556698	5100742
27	1530759598	1751306013	9487909
26	1530759596	1751305997	9487909
25	1509244857	1680554836	6371726
24	1509244855	1680554820	6371726
23	1361916672	1616907336	7271260
22	1361916667	1616907303	7271260
21	1361875807	1616765642	5100742
20	1361875684	1616765413	5100742
19	1359890842	1613444005	7271260
18	1359890817	1613443924	7271260
17	1359890809	1613443843	7271260
16	1359887961	1613430759	7271260
15	1359887954	1613430730	7271260
14	1359695874	1612873364	5716946
13	1359695792	1612873084	5716946
12	1359695782	1612873037	5716946
11	1359695752	1612872857	5716946
10	1359695683	1612872631	5716946
9	1359646595	1612698733	5716946
8	1359235995	1611031898	5100742
7	1359235786	1611030954	5100742
6	1359235714	1611030637	5100742
5	1359235477	1611029761	5100742
4	1359235432	1611029665	5100742
3	1359235363	1611029340	5100742
2	1359235358	1611029307	5100742
1	1359235315	1611029207	5100742
0	1359235302	1611029112	5100742
