slug: protectorate
title: "The Protectorate"
tags: ["co-authored", "document", "lore"]
28	1529614987	1745686822	5982545
27	1529614965	1745686661	5982545
26	1507225268	1675478774	2818841
25	1364829792	1619916155	3970162
24	1364826719	1619899688	3970162
23	1364765697	1619629819	3970162
22	1364765695	1619629800	3970162
21	1362333472	1618675095	3118961
20	1362333263	1618674042	3118961
19	1360044423	1614042627	3512728
18	1359355247	1611342671	4365296
17	1359355243	1611342634	4365296
16	1359315492	1611206234	3970162
15	1359310913	1611191169	3512728
14	1359310706	1611190602	3970162
13	1359310703	1611190595	3970162
12	1359310700	1611190572	3970162
11	1359310649	1611190427	3970162
10	1359310643	1611190389	3970162
9	1359310623	1611190284	3970162
8	1359310621	1611190271	3970162
7	1359310619	1611190262	3970162
6	1359310618	1611190253	3970162
5	1359310586	1611190238	3970162
4	1359310584	1611190222	3970162
3	1359310582	1611190209	3970162
2	1359310577	1611190200	3970162
1	1359310573	1611190190	3970162
0	1359310495	1611189814	3970162
