slug: the-bureau-of-acquisition
title: "The Bureau Of Acquisitions"
tags: ["lore"]
12	1531671769	1755721199	4433848
11	1523254090	1722111790	5982545
10	1523253306	1722106217	3638389
9	1459783475	1649034585	3672751
8	1367028615	1626319533	7271260
7	1360447426	1615443327	3970162
6	1360253400	1615064524	3970162
5	1359635649	1612645704	3672751
4	1359388980	1611509290	3478027
3	1359357020	1611350862	6436891
2	1359355931	1611345805	6436891
1	1359355916	1611345711	4365296
0	1359355914	1611345704	4365296
