slug: budget-cuts
title: "RPC Authority: Budget Cuts"
tags: ["event"]
77	1505314915	1671744401	5258122
76	1367009248	1626204890	3118961
75	1367009242	1626204837	3118961
74	1367009235	1626204797	3118961
73	1367009199	1626204538	3118961
72	1367009191	1626204496	3118961
71	1366608303	1624395333	3118961
70	1364653981	1619135055	3118961
69	1360781567	1615951597	3118961
68	1360734081	1615916692	3952836
67	1360733549	1615914062	3952836
66	1360567977	1615869794	3118961
65	1360561898	1615836140	3118961
64	1360497723	1615696671	3118961
63	1360493424	1615670354	3118961
62	1360172827	1614652776	3118961
61	1360172823	1614652726	3118961
60	1360116859	1614380861	3952836
59	1360100450	1614306968	3118961
58	1360042516	1614032149	3118961
57	1359864958	1613335429	3118961
56	1359823839	1613164424	3118961
55	1359823837	1613164412	3118961
54	1359728752	1613007890	3118961
53	1359728721	1613007684	3118961
52	1359712557	1612939179	3118961
51	1359702685	1612896102	3118961
50	1359702683	1612896077	3118961
49	1359613758	1612542339	3118961
48	1359613742	1612542235	3118961
47	1359613652	1612541959	3118961
46	1359602458	1612488771	3118961
45	1359601959	1612484183	3118961
44	1359542924	1612207987	4365296
43	1359542920	1612207953	4365296
42	1359511314	1612055296	3118961
41	1359510148	1612048009	3118961
40	1359508991	1612041322	3118961
39	1359508316	1612037887	3118961
38	1359495119	1611973361	3118961
37	1359487010	1611935294	3118961
36	1359487008	1611935286	3118961
35	1359486665	1611934773	3118961
34	1359486664	1611934768	3118961
33	1359486530	1611934316	3118961
32	1359486527	1611934310	3118961
31	1359483003	1611922851	3118961
30	1359482996	1611922753	3118961
29	1359478005	1611896806	3118961
28	1359477988	1611896713	3118961
27	1359477971	1611896615	3118961
26	1359477969	1611896605	3118961
25	1359477929	1611896595	3118961
24	1359477923	1611896575	3118961
23	1359477921	1611896565	3118961
22	1359477920	1611896556	3118961
21	1359477917	1611896539	3118961
20	1359477915	1611896517	3118961
19	1359477910	1611896460	3118961
18	1359477838	1611896276	3118961
17	1359477832	1611896240	3118961
16	1359477831	1611896230	3118961
15	1359477820	1611896183	3118961
14	1359477814	1611896147	3118961
13	1359477277	1611893600	3118961
12	1359477238	1611893336	3118961
11	1359477016	1611891541	3118961
10	1359393831	1611532960	4365296
9	1359360656	1611372576	3952836
8	1359359481	1611365356	4365296
7	1359359475	1611365334	4365296
6	1359359458	1611365145	4365296
5	1359358173	1611357628	4365296
4	1359358158	1611357492	3952836
3	1359358152	1611357453	3952836
2	1359358131	1611357345	4365296
1	1359358095	1611357069	4365296
0	1359357879	1611356126	4365296
