slug: fragment:tokyotrip-2
title: "A Trip to Tokyo, Chapter 3"
tags: []
13	1359571291	1612341996	5100742
12	1359571287	1612341972	5100742
11	1359570554	1612339192	5100742
10	1359570349	1612338406	5100742
9	1359570269	1612338141	5100742
8	1359570201	1612338001	5100742
7	1359570197	1612337981	5100742
6	1359570192	1612337957	5100742
5	1359570086	1612337481	5100742
4	1359569675	1612335559	5100742
3	1359569670	1612335531	5100742
2	1359569663	1612335507	5100742
1	1359569653	1612335479	5100742
0	1359569647	1612335456	5100742
