slug: rpc-379
title: "RPC-379"
tags: ["budgetcuts", "budgetcuts-protection", "climatological-hazard", "destabilization-hazard", "extra-dimensional-hazard", "omega", "rpc", "teleportation-hazard", "yellow"]
13	1532311640	1757984676	5982545
12	1532311465	1757983770	3191742
11	1459954936	1649405209	5716946
10	1366625305	1624470836	3672751
9	1366625302	1624470818	3672751
8	1359886017	1613418754	3672751
7	1359707723	1612917763	3672751
6	1359703228	1612898094	1619464
5	1359689651	1612851067	3672751
4	1359689503	1612850574	3672751
3	1359689119	1612848959	3672751
2	1359689076	1612848751	3672751
1	1359688812	1612847218	3672751
0	1359688739	1612846972	3672751
