slug: anomaly-experimentation-team
title: "Anomaly Experimentation Team"
tags: ["hub", "lore"]
18	1523254088	1722111775	5982545
17	1523253202	1722105691	3638389
16	1386390621	1637150566	7271260
15	1386390585	1637150526	7271260
14	1366947015	1625867281	4318134
13	1366946933	1625866825	4318134
12	1366946874	1625866458	4318134
11	1359890141	1613440192	4318134
10	1359890134	1613440175	4318134
9	1359890125	1613440157	4318134
8	1359890120	1613440138	4318134
7	1359890115	1613440126	4318134
6	1359890106	1613440094	4318134
5	1359890102	1613440082	4318134
4	1359890092	1613440045	4318134
3	1359812563	1613135534	3118961
2	1359702773	1612896702	3118961
1	1359702747	1612896560	3118961
0	1359702732	1612896475	4318134
