slug: rpc-348
title: "RPC-348"
tags: ["beta", "black", "geological-hazard", "regenerative-hazard", "rewrite", "rpc", "titanic-hazard"]
13	1495315483	1662867118	5181020
12	1495315476	1662867093	5181020
11	1495315474	1662867062	5181020
10	1495315438	1662866783	5181020
9	1495315371	1662866575	5181020
8	1495315359	1662866490	5181020
7	1495315246	1662866011	5181020
6	1495312225	1662854512	5181020
5	1495312221	1662854495	5181020
4	1360214945	1614879924	5181020
3	1360214936	1614879878	5181020
2	1360144852	1614526124	5181020
1	1359823772	1613164084	3118961
0	1359821721	1613156778	5181020
