slug: component:aci-theme
title: "Authority Central Intelligence Theme"
tags: ["theme"]
24	1383784581	1634103470	4981794
23	1367107139	1626708656	5258122
22	1367107125	1626708587	5258122
21	1366594194	1624317596	5258122
20	1366139583	1622565015	5258122
19	1366119267	1622510993	5258122
18	1365913481	1622008306	5258122
17	1362025560	1617473288	5258122
16	1361931845	1616982009	5258122
15	1359836450	1613208609	5258122
14	1359834261	1613199886	5258122
13	1359834243	1613199799	5258122
12	1359834168	1613199629	5258122
11	1359834163	1613199599	5258122
10	1359834155	1613199574	5258122
9	1359834148	1613199550	5258122
8	1359834124	1613199456	5258122
7	1359834111	1613199369	5258122
6	1359834073	1613199225	5258122
5	1359834070	1613199205	5258122
4	1359834062	1613199178	5258122
3	1359834043	1613199093	5258122
2	1359834034	1613199043	5258122
1	1359834016	1613198970	5258122
0	1359834010	1613198931	5258122
