slug: authority-regional-sites
title: "Authority Regional Sites"
tags: ["lore"]
37	1529917869	1746384894	3050074
36	1529917860	1746384827	3050074
35	1529917855	1746384788	3050074
34	1529917847	1746384778	3050074
33	1523254087	1722111768	5982545
32	1523253207	1722105782	3638389
31	1513286455	1692913575	5982545
30	1509955081	1682938489	4433848
29	1507271369	1675609559	2776183
28	1495312588	1662855791	2776183
27	1495312550	1662855744	2776183
26	1495312454	1662855467	2776183
25	1495312446	1662855438	2776183
24	1495211913	1662560384	2776183
23	1480011168	1660468628	2776183
22	1479414238	1659199308	2776183
21	1479314541	1658844152	2776183
20	1479314535	1658844137	2776183
19	1479314530	1658844124	2776183
18	1479313796	1658842322	2776183
17	1479313792	1658842308	2776183
16	1479313789	1658842294	2776183
15	1479313783	1658842278	2776183
14	1479313781	1658842264	2776183
13	1479313778	1658842250	2776183
12	1479313777	1658842235	2776183
11	1479313770	1658842222	2776183
10	1479313764	1658842202	2776183
9	1364189803	1618995720	2776183
8	1362170553	1618082922	5258122
7	1361991261	1617288745	5258122
6	1360072710	1614169922	2776183
5	1360072692	1614169760	2776183
4	1360062416	1614119548	2776183
3	1360057893	1614098543	2776183
2	1360057634	1614098057	2776183
1	1360057626	1614098012	2776183
0	1360057608	1614097934	2776183
