slug: rpc-998
title: "RPC-998"
tags: ["alpha", "destabilization-hazard", "extra-dimensional-hazard", "rpc", "yellow"]
36	1540631191	1765818436	6371726
35	1367401401	1628040128	3638389
34	890401258	1563161411	3638389
33	890400883	1563161399	3638389
32	700619935	1553636032	3952836
31	700617788	1553635953	3952836
30	683121583	1552691757	3952836
29	683121563	1552691689	3952836
28	683121492	1552691476	3952836
27	213097988	1539798464	4695861
26	167233623	1539019168	2947029
25	164222832	1538953216	2976054
24	164217197	1538953098	2976054
23	146716996	1535836873	3207272
22	137559098	1533493432	3638389
21	133285783	1531974792	2042672
20	133285520	1531974689	2042672
19	133261074	1531965574	2042672
18	133260990	1531965546	2042672
17	131781057	1531366790	2773416
16	131384159	1531174638	2042672
15	130934200	1530846136	2042672
14	130395281	1530666027	2773416
13	130200572	1530591555	2042672
12	130183539	1530583363	2042672
11	129465195	1530341048	2042672
10	129459965	1530339777	2042672
9	129347195	1530313667	2042672
8	129345264	1530313097	2042672
7	129313221	1530305173	2042672
6	129308776	1530304085	2773416
5	129307166	1530303718	2042672
4	129304075	1530302880	2042672
3	129288665	1530299002	3646714
2	129286868	1530298500	2042672
1	129286838	1530298482	2042672
0	129286650	1530298436	2042672
