slug: rpc-158
title: "RPC-158"
tags: ["amazing.co", "ballistic-hazard", "beta", "church-of-malthus", "explosive-hazard", "extra-dimensional-hazard", "immeasurable-hazard", "orange", "organic-hazard", "rpc", "sapient-hazard", "utility"]
28	1543350433	1776239956	4330657
27	1461119984	1652637251	5086052
26	1073240835	1586714062	3638389
25	1073240832	1586714053	3638389
24	1034412369	1580407001	3952836
23	1034412071	1580405939	3952836
22	1034282242	1580366770	5331749
21	1034257476	1580272095	5331749
20	1034257468	1580272077	5331749
19	888225455	1562955185	4583766
18	888225452	1562955175	4583766
17	860225798	1561067435	1315056
16	726620510	1554882963	4981794
15	721449276	1554745072	3638389
14	721449104	1554744962	3638389
13	721448696	1554744787	3638389
12	721446622	1554744711	3638389
11	681250825	1552237904	3638389
10	681243559	1552213576	3646714
9	666686533	1551753697	1315056
8	666601691	1551752700	5208732
7	641424389	1549073812	2976054
6	641424166	1549073136	2773416
5	641424159	1549073098	2773416
4	635612994	1548272019	5086052
3	633375216	1548182286	1574054
2	632508656	1548163991	2241229
1	628654532	1548103586	3118961
0	627981856	1548092668	5086052
