slug: rpc-719
title: "RPC-719"
tags: ["animated-hazard", "below-zero", "gamma", "grouped-hazard", "rpc", "sentient-hazard", "translated", "yellow"]
14	1527446823	1737921291	9487909
13	1506707542	1674338811	6371726
12	1506707538	1674338784	6371726
11	1506707534	1674338768	6371726
10	1506707531	1674338757	6371726
9	1497172840	1667585074	5982545
8	1299652235	1596043517	3072892
7	1073215334	1586666988	3638389
6	1073215322	1586666958	3638389
5	1034484607	1580620822	3118961
4	1034484491	1580620525	3118961
3	1034484391	1580620186	3118961
2	1010704489	1576087637	3672751
1	1010703604	1576085990	4433848
0	1010703544	1576085839	4433848
