slug: archive:start
title: ""
tags: ["admin", "information"]
14	1387884520	1640626174	7460495
13	1387884514	1640626123	7460495
12	1387884513	1640626104	7460495
11	1387884511	1640626082	7460495
10	1386876746	1637945188	7460495
9	1385371578	1635058466	7460495
8	1385371576	1635058438	7460495
7	1384927711	1634188680	7460495
6	1379131203	1630854237	7460495
5	1372274166	1629815527	7460495
4	1367379922	1627924928	7460495
3	1365893041	1621912412	7460495
2	1365657705	1621279013	7460495
1	1365653343	1621267794	7460495
0	1365653325	1621267717	7460495
