slug: _template
title: "_template"
tags: ["_admin", "_template"]
27	1528435528	1741972124	7523875
26	1510900304	1685763426	7523875
25	1509908463	1682740088	7523875
24	1497621901	1668878897	7460495
23	1497621891	1668878864	7460495
22	1497621867	1668878769	7460495
21	1497621858	1668878750	7460495
20	1495428015	1663220328	7460495
19	1479419400	1659229607	7460495
18	1479419392	1659229556	7460495
17	1392063675	1646793057	7460495
16	1388506123	1643682054	7460495
15	1388498981	1643639299	7460495
14	1388493378	1643609486	7460495
13	1388092700	1641528201	7460495
12	1388092696	1641528182	7460495
11	1388078342	1641450186	7460495
10	1388078286	1641449972	7460495
9	1388078266	1641449866	7460495
8	1388078260	1641449797	7460495
7	1388078247	1641449697	7460495
6	1388078215	1641449534	7460495
5	1387960430	1641057385	7460495
4	1387960411	1641057277	7460495
3	1387960406	1641057244	7460495
2	1366668329	1624584410	7460495
1	1366668323	1624584360	7460495
0	1365653328	1621267717	7460495
