slug: kad-database
title: "KAD Database"
tags: []
20	1388577092	1643952932	7460495
19	1388576948	1643951512	7460495
18	1388576926	1643951292	7460495
17	1388569556	1643900890	7460495
16	1388569384	1643900158	7460495
15	1388505983	1643680825	7460495
14	1388451800	1643347145	6761623
13	1388379802	1643036652	7460495
12	1388357032	1642898384	6761623
11	1388357023	1642898243	7460495
10	1388165000	1641826260	7460495
9	1388164961	1641826129	7460495
8	1388157432	1641788146	7460495
7	1388157238	1641787018	7689078
6	1388157220	1641786898	7689078
5	1387906775	1640724196	7698825
4	1385438342	1635362055	7697705
3	1385436613	1635355403	7697705
2	1366145170	1622592516	7460495
1	1365936733	1622104991	7460495
0	1365761381	1621674729	7460495
