slug: id-leak
title: "Id Leak"
tags: []
28	1311163695	1596816921	4518363
27	1311074600	1596454034	4518363
26	1311074164	1596452161	4518363
25	1311069162	1596435171	4518363
24	1311069001	1596434938	4518363
23	1182164358	1590843526	4518363
22	1182161243	1590843456	4518363
21	1182107538	1590842925	4518363
20	1182097333	1590842837	4518363
19	1182088665	1590842759	4518363
18	1182058510	1590842398	4518363
17	1182056298	1590842363	4518363
16	1182054238	1590842271	4518363
15	1160454661	1590600917	4518363
14	1160448000	1590600861	4518363
13	1159573844	1590592713	4518363
12	1159473103	1590591614	4518363
11	1159366223	1590590667	4518363
10	1159255489	1590589566	4518363
9	1159252686	1590589544	4518363
8	1159224553	1590589294	4518363
7	1133920358	1590391647	4518363
6	1133906228	1590391568	4518363
5	1133904285	1590391557	4518363
4	1133731849	1590390586	4518363
3	1133728656	1590390571	4518363
2	1133701654	1590390434	4518363
1	1133699234	1590390420	4518363
0	1133692272	1590390354	4518363
