slug: component:do-not-edit
title: "Do Not Edit"
tags: ["noedit"]
14	1542493947	1772939980	9546096
13	1542493922	1772939898	9546096
12	1542493921	1772939892	9546096
11	1542493918	1772939883	9546096
10	1542493916	1772939875	9546096
9	1542298611	1772020038	9546096
8	1542298609	1772020019	9546096
7	1542298607	1772020001	9546096
6	1542298599	1772019958	9546096
5	1542298596	1772019948	9546096
4	1542298541	1772019841	9546096
3	1542298335	1772018983	9546096
2	1542298307	1772018839	9546096
1	1542298301	1772018814	9546096
0	1542298026	1772018220	9546096
