slug: rpc-herbert-hoover
title: "RPC-Herbert-Hoover"
tags: ["beta", "black", "omega", "rpc-j", "translated", "uncontained", "white"]
12	1362083274	1617765351	3512728
11	1362083271	1617765327	3512728
10	1362083269	1617765301	3512728
9	1356109094	1601153482	5689914
8	1356108448	1601150106	5689914
7	1198189969	1591814475	3118961
6	1087739410	1589354372	5391461
5	971674482	1572303148	4320656
4	971674450	1572302999	4320656
3	963353175	1570429070	4318134
2	963350828	1570428927	4318134
1	963348963	1570428863	4318134
0	963345744	1570428768	4318134
