slug: rpc-959
title: "RPC-959"
tags: ["aggression-hazard", "ballistic-hazard", "bio-hazard", "church-of-malthus", "explosive-hazard", "gamma", "grouped-hazard", "microscopic-hazard", "mind-control-hazard", "organic-hazard", "red", "rpc"]
15	1514369841	1696102943	6371726
14	1474682998	1656708456	3672751
13	1362078359	1617735027	3672751
12	1362078303	1617734886	3672751
11	1362078302	1617734872	3672751
10	1362078300	1617734851	3672751
9	1359441523	1611772755	3672751
8	1311327598	1597208528	5100742
7	1203656138	1592147329	5100742
6	1203656128	1592147274	5100742
5	1189274210	1591344459	5100742
4	1176983956	1590743799	5100742
3	1152067063	1590523074	3638389
2	1085022667	1589286795	5100742
1	1084495975	1588743305	4981794
0	1084495547	1588742558	5100742
