slug: rpc-077
title: "RPC-077"
tags: ["beta", "red", "rpc", "sensory-hazard", "translated"]
36	1530175991	1747673516	9487909
35	1530175990	1747673503	9487909
34	1528211634	1741184098	6371726
33	1528211511	1741183383	6371726
32	1496163136	1665166660	6371726
31	1475507048	1656727911	3672751
30	1475003369	1656713865	3970162
29	1474740716	1656709506	3672751
28	1367437197	1628190777	7320700
27	1367437177	1628190614	7320700
26	1366489938	1623810610	3672751
25	1047018160	1582830355	4315330
24	895774779	1564540687	4297535
23	847069354	1558471336	4297535
22	683301906	1552786154	4297535
21	681243275	1552212201	3646714
20	546345897	1546231072	4297535
19	546311290	1546230651	4297535
18	518816211	1544745179	3638389
17	366965754	1541800708	3952836
16	214004158	1539826836	4297535
15	213998978	1539826746	4297535
14	213314443	1539804635	3952836
13	167903662	1539034443	3646714
12	164779683	1538966376	4105536
11	148106357	1537642783	4297535
10	146854759	1535949676	4297535
9	146775505	1535913230	4297535
8	146722471	1535853455	2773416
7	146712582	1535825986	3625466
6	146397151	1535649945	4297535
5	144163989	1534997762	2773416
4	143650383	1534871450	4365296
3	143631974	1534865020	1574054
2	143528682	1534811893	4297535
1	143528655	1534811885	4297535
0	143528519	1534811828	4297535
