slug: rpc-209-nc
title: "RPC-209-NC"
tags: ["format-break", "non-canon", "rpc", "translated"]
26	1505311419	1671722109	5689914
25	1505307872	1671712462	7271260
24	1505067333	1671154083	3118961
23	1505067320	1671154036	3118961
22	1505067312	1671154018	3118961
21	1505067309	1671154009	3118961
20	1475206779	1656717380	3118961
19	1461412126	1654056189	3118961
18	1359887927	1613430587	7271260
17	1359675165	1612786228	5689914
16	1359675143	1612786098	5689914
15	1359675141	1612786085	5689914
14	1319161035	1599277955	3118961
13	1311293789	1597093700	3118961
12	1311293780	1597093629	3118961
11	1073861045	1587260153	3118961
10	955359148	1569097545	3118961
9	910678080	1567103685	3118961
8	900909163	1565306625	3118961
7	892638175	1563577267	3118961
6	868640492	1561433832	3118961
5	868639905	1561431418	3118961
4	868176368	1561360193	3118961
3	857967361	1560979571	3638389
2	849259897	1560537757	3118961
1	849203128	1560536496	3118961
0	849196936	1560536359	3118961
