slug: decibelle-three
title: "Dreamstory"
tags: []
38	138184638	1533602194	2005044
37	133301923	1531980830	2005044
36	133267168	1531967823	2005044
35	133267149	1531967807	2005044
34	133267010	1531967758	2005044
33	133266584	1531967635	2005044
32	133211441	1531949084	2005044
31	132924221	1531812335	2005044
30	132763711	1531699931	2005044
29	132297311	1531521561	2005044
28	132184299	1531501871	2005044
27	126117946	1529355324	2005044
26	126117942	1529355314	2005044
25	126117941	1529355304	2005044
24	126117890	1529355242	2005044
23	126117881	1529355219	2005044
22	126117844	1529355191	2005044
21	99889190	1516319906	2005044
20	99884652	1516313895	2005044
19	99291355	1516062833	2005044
18	99287968	1516060834	2005044
17	99280203	1516057243	2005044
16	98972629	1515984895	2005044
15	98972598	1515984883	2005044
14	93734614	1514190721	2005044
13	93734611	1514190711	2005044
12	93734607	1514190697	2005044
11	93723121	1514165634	2005044
10	93719591	1514157015	2005044
9	93719334	1514156127	2005044
8	93702461	1514114705	2005044
7	93693039	1514091750	2005044
6	93644443	1513996568	2005044
5	93644423	1513996546	2005044
4	93636835	1513985646	2005044
3	93634166	1513981457	2005044
2	93634156	1513981443	2005044
1	93472102	1513735479	2005044
0	93105082	1513081184	2005044
