slug: collab:taylor-itkin
title: "taylor_itkin"
tags: []
26	1033830522	1578706388	4483018
25	1010707916	1576094439	3208919
24	1010681058	1576014561	4483018
23	1010681052	1576014547	4483018
22	1010680992	1576014439	4483018
21	1010680965	1576014372	4483018
20	1010680949	1576014337	4483018
19	1010680819	1576014031	3208919
18	1010645663	1576008587	3208919
17	1010645625	1576008517	3208919
16	1010645620	1576008508	3208919
15	1010645556	1576008367	3208919
14	1010645510	1576008274	3208919
13	1010645469	1576008182	3208919
12	95339599	1514861564	3208919
11	95339266	1514861358	3208919
10	95337584	1514860221	3208919
9	95337454	1514860153	3208919
8	95337016	1514859777	3208919
7	95336948	1514859731	3208919
6	95334865	1514858343	3208919
5	95334515	1514858082	3208919
4	95333355	1514857313	3208919
3	95332907	1514856954	3208919
2	95332759	1514856903	3208919
1	93105560	1513081983	3208919
0	93105511	1513081950	3208919
