slug: trennerdios
title: "Trenner Dios' Sandbox"
tags: []
18	148980419	1538158193	1277937
17	148975276	1538155655	1277937
16	148975253	1538155636	1277937
15	147940643	1537451001	1277937
14	147940635	1537450955	1277937
13	147429324	1536783724	1277937
12	147427914	1536780849	1277937
11	147014632	1536180968	1277937
10	147013815	1536179349	1277937
9	147013182	1536178305	1277937
8	147013114	1536178134	1277937
7	147012815	1536177764	1277937
6	147012638	1536177513	1277937
5	146570426	1535745071	1277937
4	146570341	1535745011	1277937
3	145517269	1535384101	1277937
2	141648124	1534345438	1277937
1	118972498	1527277145	1277937
0	93108482	1513086670	1277937
