slug: modern-erasmus
title: "Modern_Erasmus"
tags: []
56	125388758	1529025888	3129691
55	125387292	1529022003	3129691
54	125379930	1529013688	3129691
53	111474125	1524888277	3129691
52	106889392	1522584342	3129691
51	106888450	1522583935	3129691
50	106886510	1522582928	3129691
49	101900103	1518939322	3129691
48	101899341	1518936930	3129691
47	101899335	1518936917	3129691
46	101899331	1518936890	3129691
45	101892706	1518914863	3129691
44	101892702	1518914845	3129691
43	101892264	1518913206	3129691
42	101891513	1518911053	3129691
41	101891499	1518911026	3129691
40	101863983	1518853749	3129691
39	101860075	1518846541	3129691
38	101155604	1517845897	3129691
37	101154638	1517844618	3129691
36	101142645	1517829585	3129691
35	101142254	1517829401	3129691
34	101065195	1517755516	3129691
33	101065070	1517755458	3129691
32	101061504	1517752551	3129691
31	101061445	1517752532	3129691
30	101060021	1517751536	3129691
29	101059953	1517751483	3129691
28	101059571	1517751238	3129691
27	101059449	1517751191	3129691
26	101059330	1517751095	3129691
25	101057880	1517749991	3129691
24	101057705	1517749851	3129691
23	101057437	1517749650	3129691
22	101057343	1517749573	3129691
21	101056818	1517749161	3129691
20	101056249	1517748757	3129691
19	101056199	1517748699	3129691
18	101050875	1517744105	3129691
17	101050862	1517744069	3129691
16	101050804	1517744001	3129691
15	101050766	1517743981	3129691
14	101050241	1517743422	3129691
13	101050168	1517743355	3129691
12	101049877	1517742882	3129691
11	100960667	1517678723	3129691
10	100960548	1517678664	3129691
9	100960337	1517678545	3129691
8	100960004	1517678243	3129691
7	100958761	1517677522	3129691
6	93110263	1513089111	3129691
5	93110261	1513089094	3129691
4	93109877	1513088624	3129691
3	93109844	1513088599	3129691
2	93109723	1513088463	2227264
1	93109597	1513088303	3129691
0	93109593	1513088286	3129691
