slug: collab:modern-erasmus-special-projects
title: "Modern_Erasmus Special Projects"
tags: []
44	136180088	1533095380	3129691
43	136179637	1533095224	3129691
42	136145588	1533086279	3129691
41	136144605	1533085994	3129691
40	136143599	1533085704	1422059
39	136143187	1533085613	1422059
38	136142812	1533085489	3129691
37	136142448	1533085390	1422059
36	136142027	1533085297	1422059
35	136140895	1533085053	1422059
34	136140234	1533084831	3129691
33	136139217	1533084364	3129691
32	135998081	1532986613	3129691
31	135774812	1532909610	1422059
30	135772198	1532908990	1422059
29	135468992	1532827242	1422059
28	135468576	1532826898	1422059
27	135468512	1532826838	1422059
26	135467408	1532825274	1422059
25	135466165	1532823892	1422059
24	135433742	1532785297	3129691
23	135433647	1532785144	3129691
22	135433417	1532784935	3129691
21	135431703	1532783254	3129691
20	135431690	1532783207	3129691
19	135431413	1532782796	3129691
18	135431404	1532782775	3129691
17	135420652	1532776612	3129691
16	131469689	1531224104	1422059
15	130174370	1530579524	3129691
14	130170545	1530577882	3129691
13	130167979	1530576935	3129691
12	130167902	1530576908	3129691
11	130167665	1530576795	3129691
10	130167127	1530576588	3129691
9	130165552	1530576064	3129691
8	130096238	1530550029	1422059
7	130095658	1530549764	1422059
6	129865355	1530468021	3129691
5	129859034	1530466185	3129691
4	129858650	1530466074	3129691
3	126809009	1529544972	3129691
2	126808850	1529544892	3129691
1	126808100	1529544633	3129691
0	93110102	1513088905	3129691
