slug: rpc-053
title: "RPC-053"
tags: ["alpha", "black", "destabilization-hazard", "rpc", "transmutation-hazard"]
34	1525709135	1731280409	5982545
33	1525709134	1731280398	5982545
32	1513745868	1694015731	5982545
31	1507515343	1675958808	6371726
30	1507445092	1675786592	8310653
29	1496162892	1665165964	6371726
28	1460135777	1650039910	7916656
27	1361691017	1616253942	3952836
26	1291366131	1595830877	3638389
25	1073240132	1586713563	3638389
24	1073240127	1586713550	3638389
23	1047015867	1582820280	4315330
22	1047015844	1582820135	4315330
21	986398280	1574542322	4383784
20	888209927	1562954365	4583766
19	888209112	1562954349	4583766
18	576603268	1546888905	3638389
17	576602125	1546888887	3638389
16	538321851	1545690724	1574054
15	366934702	1541799992	3952836
14	209305838	1539496452	2773416
13	167838562	1539032436	3646714
12	164591047	1538961391	4105536
11	164452031	1538958262	4105536
10	146711472	1535825587	2773416
9	133368231	1532027426	3992967
8	131745691	1531350294	2773416
7	129847146	1530462870	4303827
6	128072451	1529926938	2005485
5	128072206	1529926895	2005485
4	128025590	1529906077	4273244
3	128025450	1529906035	4273244
2	128021895	1529904576	4273244
1	128018813	1529903478	4273244
0	128017947	1529903214	4273244
