slug: rpc-173
title: "RPC-173"
tags: ["gamma", "mind-control-hazard", "rpc", "sensory-hazard", "teleportation-hazard", "top10", "translated", "transmutation-hazard", "tychokinetic-hazard", "yellow"]
158	1542712640	1773698290	10197776
157	1530888902	1752017984	4282051
156	1530888897	1752017950	4282051
155	1530888878	1752017787	4282051
154	1530888875	1752017760	4282051
153	1360183086	1614703710	7267085
152	1359737464	1613047343	5689914
151	1355900369	1600439353	6264298
150	1355900360	1600439320	6264298
149	1173614265	1590719353	4282051
148	1073240841	1586714088	3638389
147	1073068303	1586216087	4282051
146	1072896301	1585862065	4282051
145	971694065	1572369977	4282051
144	961663327	1570213755	4282051
143	961663057	1570213587	4282051
142	956935877	1569311453	4282051
141	956935854	1569311407	4282051
140	956761434	1569254428	4282051
139	956757488	1569254196	4282051
138	956757480	1569254183	4282051
137	956757389	1569254005	4282051
136	956757187	1569253707	4282051
135	956270877	1569191923	4282051
134	956269944	1569191740	4282051
133	956269799	1569191410	4282051
132	956265493	1569190885	4282051
131	956254556	1569190642	4282051
130	956252701	1569189782	4282051
129	956121082	1569176324	4282051
128	952590357	1568998355	4282051
127	951585109	1568865908	4282051
126	951558073	1568863689	4282051
125	951557798	1568863279	4282051
124	948870430	1568487008	4282051
123	948155623	1568394883	4282051
122	948155572	1568394831	4282051
121	948154480	1568393520	4282051
120	948147368	1568391002	4282051
119	948147240	1568390898	4282051
118	948130307	1568389534	4282051
117	948124254	1568389292	4282051
116	948123914	1568388852	4282051
115	946661540	1568213520	4282051
114	946660832	1568213498	4282051
113	946028599	1568163295	3952836
112	943466348	1567916689	4320656
111	943465596	1567916609	4320656
110	943463758	1567916533	4320656
109	943460068	1567916418	4320656
108	933992887	1567565273	4282051
107	933441707	1567556693	3118961
106	908144839	1567033012	4282051
105	908144254	1567032779	4282051
104	908143559	1567032284	4282051
103	908143266	1567032103	4282051
102	908143157	1567032064	4282051
101	900888897	1565232496	4282051
100	900888885	1565232459	4282051
99	900888791	1565232349	4282051
98	900888690	1565232133	4282051
97	894568887	1564424584	4282051
96	894568624	1564423699	4282051
95	890393194	1563157927	4282051
94	890393187	1563157904	4282051
93	890393133	1563157449	4282051
92	890393131	1563157422	4282051
91	890393034	1563157024	4282051
90	890392990	1563156944	4282051
89	890392901	1563156474	4282051
88	890392875	1563156301	4282051
87	888225506	1562955487	4583766
86	888225505	1562955478	4583766
85	847979337	1560441475	4282051
84	847979332	1560441449	4282051
83	844945642	1558215136	3118961
82	844943501	1558212617	3118961
81	832802845	1557074604	4076346
80	823878667	1557002203	4076346
79	808038886	1556828518	4282051
78	808038882	1556828506	4282051
77	808038869	1556828435	4282051
76	808038866	1556828416	4282051
75	806365205	1556622012	4076346
74	805080588	1556414968	4548098
73	802098307	1556225088	4282051
72	802013286	1556066018	4282051
71	802013237	1556065843	4282051
70	802013223	1556065777	4282051
69	802013214	1556065750	4282051
68	802008663	1556056396	4282051
67	802005262	1556053788	4282051
66	800614447	1555908974	3638389
65	800605327	1555908793	3638389
64	800602331	1555908754	3638389
63	800219987	1555894773	4282051
62	800219837	1555894450	4282051
61	800219373	1555892648	4282051
60	800219236	1555892135	4282051
59	800219231	1555892079	4282051
58	800219179	1555891981	4282051
57	800219171	1555891942	4282051
56	800219116	1555891504	4282051
55	800219106	1555891440	4282051
54	800219076	1555891288	4282051
53	723865304	1554803100	4981794
52	719140067	1554430324	4282051
51	719140061	1554430311	4282051
50	699957231	1553618935	4282051
49	682417989	1552451156	4282051
48	672702018	1551849236	4282051
47	672687659	1551849087	4282051
46	671945342	1551838462	4282051
45	667578941	1551766143	4981794
44	666060968	1551745978	4981794
43	656853013	1551560351	4282051
42	656446142	1551553410	4282051
41	656443007	1551553262	4282051
40	656299179	1551551344	4282051
39	656295611	1551551277	4282051
38	656280910	1551550986	4282051
37	656273647	1551550911	4282051
36	656267676	1551550856	4282051
35	656210168	1551550233	4282051
34	656123186	1551549298	4282051
33	656086092	1551548917	4282051
32	656034852	1551548112	4282051
31	656029111	1551547937	4282051
30	656018189	1551547760	4282051
29	656015118	1551547667	4282051
28	655976809	1551546986	4282051
27	655963456	1551546798	4282051
26	655949435	1551546643	4282051
25	655932161	1551546361	4282051
24	655927917	1551546268	4282051
23	655917707	1551546044	4282051
22	654065609	1551514663	4282051
21	654064601	1551514653	4282051
20	654024130	1551514206	4282051
19	651051822	1551375085	4282051
18	651051809	1551375045	4282051
17	650828368	1551227444	4981794
16	650491325	1551160510	4282051
15	650482769	1551135271	4282051
14	650204931	1551011083	4981794
13	650192366	1550978907	4282051
12	650192348	1550978871	4282051
11	650192297	1550978739	4282051
10	650191745	1550977532	4282051
9	650191692	1550977386	4282051
8	650191227	1550976276	4282051
7	650187939	1550967720	4282051
6	650186074	1550963510	4282051
5	650185984	1550963261	4282051
4	650185901	1550963006	4282051
3	650185678	1550962285	4282051
2	650185651	1550962209	4282051
1	650185636	1550962172	4282051
0	650185630	1550962136	4282051
