slug: rpc-121
title: "RPC-121"
tags: ["beta", "mechanical-hazard", "rpc", "sapient-hazard", "yellow"]
20	1386419641	1637277266	7299722
19	1367426731	1628171086	7299722
18	1073206391	1586641671	2134920
17	1073206347	1586641568	2134920
16	844864019	1558107941	3118961
15	700609918	1553635828	4548098
14	700609082	1553635788	4548098
13	670970769	1551826857	3638389
12	670970025	1551826828	3638389
11	670964866	1551826705	3638389
10	651049046	1551368298	3617519
9	651049011	1551368208	3617519
8	651048553	1551367073	3617519
7	651048374	1551366459	3617519
6	650822355	1551215589	3952836
5	650196038	1550986828	3617519
4	650195661	1550985662	3617519
3	650192075	1550978332	2930589
2	650192069	1550978315	2930589
1	650192036	1550978218	4282051
0	650191942	1550978007	3617519
