slug: rpc-092
title: "RPC-092"
tags: ["beta", "ecological-hazard", "rpc", "translated", "transmutation-hazard", "yellow"]
26	1530176137	1747674304	9487909
25	1495771663	1664068010	7803981
24	1388998714	1645393881	7287895
23	1388526085	1643800337	5689914
22	1388526082	1643800326	5689914
21	681250550	1552236923	3638389
20	681243333	1552212454	3646714
19	641664720	1549630099	4981794
18	641664708	1549630088	4981794
17	604016223	1547669719	3638389
16	604000726	1547669434	3638389
15	213318783	1539805082	3952836
14	167198201	1539018428	2947029
13	167198200	1539018427	2947029
12	166860530	1539011475	2947029
11	164116753	1538950924	4558857
10	164106670	1538950705	4558857
9	164105162	1538950678	4558857
8	146712830	1535826199	3625466
7	137623623	1533502129	3638389
6	135025067	1532679886	2773416
5	132735171	1531658360	3625466
4	132735091	1531658308	3625466
3	132608895	1531613393	4293284
2	132608130	1531613123	4142604
1	132608008	1531613090	4142604
0	132607955	1531613066	4142604
