slug: rpc-067
title: "RPC-067"
tags: ["aggression-hazard", "beta", "orange", "rpc", "sapient-hazard", "toparticle", "translated", "uncontained"]
61	1530175905	1747672863	9487909
60	1516896408	1703094624	8795067
59	1474639319	1656706829	3672751
58	1388998495	1645392570	7287895
57	1355916533	1600496557	6264298
56	1048147989	1583621008	3952836
55	1033641268	1577972987	3118961
54	1033641030	1577972387	3118961
53	946018102	1568162371	3952836
52	935151773	1567602716	3118961
51	904563582	1566276637	4981794
50	865375733	1561249467	1315056
49	844955310	1558230287	3118961
48	806374641	1556637006	4076346
47	718463090	1554313896	4365296
46	674425569	1551951197	4008607
45	590381266	1547357730	4076346
44	521842570	1544867056	3638389
43	521841533	1544867043	3638389
42	366957704	1541800544	3952836
41	234272844	1540074066	3638389
40	213297391	1539804208	3952836
39	175272751	1539204521	1574054
38	167896394	1539033894	3646714
37	164679209	1538963729	4105536
36	146712075	1535825697	2773416
35	137166148	1533422830	2906223
34	134068666	1532404815	2906223
33	133369162	1532029577	3992967
32	129985421	1530497997	4254285
31	129923675	1530481742	4293614
30	129686968	1530393834	2906223
29	129683688	1530391836	2906223
28	127964615	1529875840	4254285
27	127963152	1529875070	3774501
26	127804749	1529819153	4240294
25	127804577	1529819079	4240294
24	127609115	1529740087	4254285
23	127607139	1529738705	3199573
22	127137958	1529599296	3638389
21	126947084	1529571803	2773416
20	126946988	1529571797	2773416
19	126903720	1529566763	2773416
18	126901666	1529566491	2773416
17	126816101	1529548167	4276738
16	126780064	1529534019	4254285
15	126779993	1529533982	4254285
14	126779768	1529533880	4254285
13	126456588	1529480577	2773416
12	126279713	1529428740	4240294
11	126138895	1529374779	4264138
10	126117121	1529354241	4254285
9	126111393	1529348043	2773416
8	126103141	1529340132	4240294
7	126102317	1529339265	4262550
6	126054575	1529319298	2773416
5	126054290	1529319235	2773416
4	126024680	1529303511	4254285
3	126024505	1529303420	4254285
2	126024446	1529303387	4254285
1	126024149	1529303265	4254285
0	126022781	1529302650	4254285
