slug: rpc-366
title: "RPC-366"
tags: ["beta", "incorporeal-hazard", "rpc", "sapient-hazard", "transmutation-hazard", "yellow"]
17	1509480582	1681534035	7287895
16	1474802822	1656710490	3970162
15	1366397177	1623416281	3952836
14	880411438	1562201245	3638389
13	880411435	1562201213	3638389
12	641664421	1549629435	4981794
11	538985847	1545983548	3625466
10	213319127	1539805315	3952836
9	168631484	1539057044	3952836
8	167894724	1539033839	4105536
7	164904190	1538969305	2976054
6	146716698	1535835838	2773416
5	137601705	1533498693	3638389
4	132096305	1531483054	4289852
3	131920845	1531420888	2773416
2	131862674	1531396328	4289852
1	131862351	1531396229	4289852
0	131861987	1531396093	4289852
