slug: below-zero-event
title: "Below Zero Event"
tags: ["event"]
16	1507826865	1676771383	5982545
15	1507826852	1676771310	5982545
14	1479378746	1659045623	3672751
13	1288988939	1595796307	3118961
12	1215118859	1593027558	3118961
11	1033461950	1577271272	3118961
10	1033403164	1577044709	4315330
9	1033399619	1577037849	3118961
8	1033380081	1576969789	3118961
7	1033379658	1576967233	3118961
6	1018426848	1576423023	3118961
5	987178133	1575132188	4583766
4	986193647	1574293835	4583766
3	981530864	1573855517	4583766
2	981530511	1573853860	4583766
1	981530503	1573853785	4583766
0	981530497	1573853728	4583766
