slug: rpc-666
title: "RPC-666"
tags: ["aggression-hazard", "ballistic-hazard", "explosive-hazard", "extreme-temperature-hazard", "gamma", "halloweenrpc", "mechanical-hazard", "pcaao", "purple", "regenerative-hazard", "rpc", "runnerup", "sentient-hazard", "top10", "translated", "unaac"]
52	1542712698	1773698525	10197776
51	1527143544	1736211903	9487909
50	1507749444	1676617183	4680994
49	1496162796	1665165436	6371726
48	1495749107	1664013338	5689914
47	1388239002	1642216015	7271260
46	1386096088	1636079491	7287895
45	1367206749	1627177131	3512728
44	1360501655	1615721573	7271260
43	1360501642	1615721504	7271260
42	1047087595	1582957775	4981794
41	1047087128	1582956863	6129319
40	1032432382	1576617007	5293995
39	933530366	1567557749	3118961
38	900920009	1565344940	4076346
37	900907328	1565297863	3625466
36	900907326	1565297837	3625466
35	900883910	1565210946	4076346
34	899848491	1565045141	4076346
33	899847482	1565041337	4076346
32	899847238	1565040220	4076346
31	897909408	1564705802	3118961
30	847843572	1560018242	3638389
29	847843568	1560018225	3638389
28	846978405	1558409298	4558857
27	846976846	1558404963	4302636
26	844955236	1558230094	3118961
25	835107506	1557525496	5323348
24	802018036	1556075732	3952836
23	718903784	1554386225	3952836
22	718903752	1554386168	3952836
21	718464918	1554315546	4548098
20	718464821	1554315430	4548098
19	718464791	1554315354	4548098
18	550297378	1546290972	1315056
17	540679729	1546124931	3638389
16	441094226	1543792381	4558857
15	440923054	1543789825	3952836
14	439534736	1543701856	4302636
13	367006747	1541804774	3952836
12	343351305	1541050426	2906223
11	340772197	1541019043	3952836
10	340630495	1541015580	2906223
9	340418361	1541012820	2773416
8	340414785	1541012780	2773416
7	340412700	1541012757	2773416
6	340402557	1541012632	2773416
5	311058037	1540694319	4302636
4	271508883	1540381451	4302636
3	254650461	1540274757	4302636
2	250982745	1540246349	3625466
1	250731887	1540244636	4302636
0	250728226	1540244614	4302636
