slug: rpc-669
title: "RPC-669"
tags: ["bio-hazard", "extra-dimensional-hazard", "format-break", "gamma", "red", "rpc", "sentient-hazard", "translated"]
25	1509069039	1680331227	3050074
24	1362080621	1617745657	3512728
23	1362080610	1617745602	3512728
22	1362080606	1617745586	3512728
21	1362080601	1617745565	3512728
20	1355916735	1600497317	6264298
19	1215185442	1593322171	6264298
18	1215185436	1593322155	6264298
17	949067058	1568508246	3638389
16	892592106	1563432623	3077628
15	892592093	1563432545	3077628
14	886074566	1562878277	3638389
13	856117841	1560883010	3638389
12	683462753	1553028478	3952836
11	682425745	1552463403	3077628
10	682425264	1552461737	3077628
9	662592594	1551656570	3077628
8	559858339	1546480829	3646714
7	435166413	1543470995	3077628
6	430663583	1543363375	3077628
5	430661886	1543363354	3077628
4	430656456	1543363300	3077628
3	401301797	1542435808	3638389
2	378098655	1542073181	3638389
1	375603231	1541998740	3077628
0	370356324	1541886778	3077628
