slug: captain-erin-mckinley
title: "Captain Erin McKinley"
tags: ["document", "personnel", "translated"]
20	1530509557	1749943135	9487909
19	1530509555	1749943125	9487909
18	1075276410	1587837051	3118961
17	902942144	1565710067	3118961
16	899086551	1564985457	3638389
15	899085745	1564983629	3638389
14	712111359	1554034389	2776183
13	700801322	1553642843	4548098
12	700801282	1553642796	4548098
11	683376115	1552962447	3952836
10	371635232	1541903131	4738903
9	343695625	1541055841	4738903
8	343690579	1541055797	2906223
7	343636237	1541055368	4464984
6	343621105	1541055231	4738903
5	343488297	1541054091	4464984
4	301529879	1540620910	4738903
3	254978420	1540277369	4738903
2	252901695	1540259660	4738903
1	252875709	1540259319	4738903
0	252870903	1540259286	4738903
