slug: rpc-258
title: "RPC-258"
tags: ["alpha", "mechanical-hazard", "rpc", "transmutation-hazard", "yellow"]
12	1389190852	1646419092	5716946
11	1362288924	1618448307	5181020
10	1360816811	1616093190	5181020
9	1033847556	1578782225	3952836
8	1033591604	1577808644	4315330
7	1033579763	1577759667	5181020
6	1033579732	1577759438	5181020
5	1033579713	1577759314	5181020
4	1033579707	1577759256	5181020
3	1033579703	1577759229	5181020
2	1033579517	1577758120	5181020
1	1033579516	1577758102	5181020
0	1033579510	1577758068	5181020
