slug: contest:jcontest-gearhart
title: "RPC-FUK-U"
tags: ["jcontest", "translated"]
26	1516983782	1703451208	5982545
25	1356443978	1602124136	6264298
24	1215251080	1593503288	6264298
23	985901945	1574110388	5017664
22	985901930	1574110272	5017664
21	985901921	1574110216	5017664
20	985901912	1574110199	5017664
19	985901909	1574110188	5017664
18	985901798	1574109479	5017664
17	985901790	1574109440	5017664
16	985901785	1574109419	5017664
15	985901713	1574108987	5017664
14	985901543	1574107900	5017664
13	985901505	1574107633	5017664
12	985901503	1574107618	5017664
11	985901452	1574107390	5017664
10	985901448	1574107361	5017664
9	985901434	1574107307	5017664
8	717028357	1554168127	5017664
7	717027940	1554167264	5017664
6	717027932	1554167231	5017664
5	717027907	1554167177	5017664
4	717027806	1554166861	5017664
3	717027793	1554166823	5017664
2	717022265	1554153919	3952836
1	717022239	1554153885	3952836
0	716632498	1554127151	5017664
