slug: thatowldude
title: "awesome fucking tien shinhan:"
tags: ["author-page"]
14	1542331708	1772190843	5716946
13	1542331706	1772190836	5716946
12	1542322072	1772139452	5716946
11	1542318590	1772119115	5716946
10	1542318345	1772117915	5716946
9	1542318314	1772117719	5716946
8	1533126780	1760961931	5716946
7	1531647321	1755602499	5716946
6	1531582711	1755271894	5716946
5	1531582710	1755271886	5716946
4	1526058437	1733076483	5716946
3	1526058434	1733076373	5716946
2	1526058431	1733076361	5716946
1	1526058428	1733076348	5716946
0	1526058426	1733076333	5716946
