slug: codename-king-of-weapons
title: "Codename: King of Weapons"
tags: ["document", "goi-doc", "translated"]
18	1531135035	1753214000	4315330
17	1530316041	1748704441	9487909
16	1530316040	1748704433	9487909
15	1518977575	1710273956	3050074
14	1513730478	1693932622	1619464
13	1460213261	1650233921	3638389
12	1362082520	1617760308	3672751
11	1362082517	1617760290	3672751
10	1215271286	1593582185	3638389
9	1215271283	1593582171	3638389
8	1215271271	1593582102	3638389
7	1200609837	1592021483	4315330
6	1198194127	1591833382	4981794
5	1198178242	1591775055	4315330
4	1198178234	1591775016	4315330
3	1198178185	1591774917	4315330
2	1198177936	1591774179	4315330
1	1198177667	1591773156	4315330
0	1198177654	1591773065	4315330
