slug: rpc-722
title: "RPC-722"
tags: ["aedf", "ballistic-hazard", "beta", "extra-dimensional-hazard", "extra-terrestrial-hazard", "info-hazard", "mechanical-hazard", "rpc", "sensory-hazard", "translated", "white"]
35	1387367943	1638964923	4981794
34	1358985490	1610249334	1315056
33	1355916758	1600497390	6264298
32	1228832146	1594545913	6264298
31	1215185596	1593322967	6264298
30	1196336727	1591585731	2976054
29	1073242597	1586715017	3638389
28	1073242545	1586715008	3638389
27	1033739714	1578424661	5054156
26	962957700	1570381074	1315056
25	888225803	1562957179	4583766
24	888225800	1562957169	4583766
23	887238180	1562896918	3638389
22	887235785	1562896876	3638389
21	887232689	1562896826	3638389
20	525707894	1545071986	3722979
19	213334487	1539806077	3952836
18	213256720	1539801879	3952836
17	176541583	1539215022	1315056
16	176458155	1539214380	1315056
15	176335045	1539213306	1315056
14	167901716	1539034301	3952836
13	166957816	1539013856	1315056
12	164772470	1538966090	2773416
11	164555222	1538960527	2976054
10	164554367	1538960520	2976054
9	164552908	1538960486	2976054
8	150123520	1538543588	2906223
7	146717078	1535837161	2773416
6	132502537	1531573299	1315056
5	132256981	1531514689	3995249
4	132248471	1531513174	4303837
3	132239896	1531511752	1315056
2	132222039	1531508641	2773416
1	132221942	1531508629	2773416
0	132199160	1531504487	1315056
