slug: rpc-722-recovery-manifest
title: "RPC-722 Recovery Manifest"
tags: ["collaboration", "supplemental", "translated"]
23	1355916774	1600497440	6264298
22	1228831234	1594545903	6264298
21	1215211806	1593353203	6264298
20	1215211804	1593353171	6264298
19	1197072701	1591642610	5258122
18	941915794	1567810722	3118961
17	931555787	1567521760	1315056
16	213348288	1539806304	3952836
15	213347282	1539806294	3952836
14	146717094	1535837194	2773416
13	135166487	1532712475	4306429
12	135048909	1532684865	4306429
11	134976104	1532664255	1315056
10	133437701	1532104878	1315056
9	133273060	1531969917	2042672
8	133271998	1531969511	2042672
7	133268013	1531968106	1959500
6	133267334	1531967884	1959500
5	133267214	1531967845	1959500
4	133081648	1531868668	1315056
3	133078004	1531867234	2906223
2	133075610	1531866267	1315056
1	132200271	1531504666	1315056
0	132199666	1531504574	1315056
