slug: an-c-1-002-v
title: "An.C-1_002.V"
tags: ["an.c-1", "animal", "anomalia", "espacial", "grupo", "mamífero", "masculino", "nivel-verde", "sapiente", "simio", "vivo"]
32	1520034528	1714948409	7670356
31	1518795419	1709610790	7670356
30	1518795400	1709610501	7670356
29	1518795342	1709609709	7670356
28	1518795295	1709609404	7670356
27	1518795279	1709609314	7670356
26	1518795259	1709609186	7670356
25	1514493219	1696460210	7670356
24	1511230995	1686489867	7286218
23	1510331777	1684524555	7286218
22	1510331681	1684524214	7286218
21	1507844393	1676817350	7670356
20	1497630584	1668917304	7670356
19	1497330820	1668204739	7670356
18	1497179032	1667615600	7670356
17	1497072898	1667234875	7286218
16	1497072891	1667234846	7286218
15	1497072853	1667234817	7286218
14	1497072851	1667234805	7286218
13	1460961787	1652156464	3090772
12	1460212365	1650229288	7286218
11	1460212362	1650229257	7286218
10	1460212356	1650229221	7286218
9	1460210963	1650221895	7286218
8	1460210959	1650221884	7286218
7	1460210955	1650221854	7286218
6	1460210951	1650221821	7286218
5	1460210938	1650221690	7286218
4	1459558480	1648245393	7286218
3	1395369396	1647036011	7286218
2	1371984996	1629599726	7286218
1	1371967584	1629509020	3090772
0	1371096537	1629129825	7286218
