slug: god-save-the-queen
title: "God Save The Queen"
tags: ["mi13", "short", "tale", "translated"]
16	1495252919	1662661570	2776183
15	1495252787	1662661271	2818841
14	1494934461	1662228680	2818841
13	1319169587	1599299434	6264298
12	1215276499	1593603172	6264298
11	1042531848	1582249758	5265843
10	802089888	1556208802	2776183
9	802016428	1556072356	3118961
8	801926485	1555942904	3118961
7	574427950	1546841445	3638389
6	484230734	1544413775	3952836
5	148437342	1537822936	2776183
4	148101364	1537633427	2776183
3	146713179	1535827086	3625466
2	144165564	1534998145	2773416
1	144165528	1534998138	2773416
0	136856731	1533351895	2776183
