slug: rpc-135
title: "RPC-135"
tags: ["beta", "extra-dimensional-hazard", "mechanical-hazard", "rpc", "translated", "visual-hazard", "yellow"]
76	1513561547	1693561211	3293845
75	1508282926	1677908163	1350163
74	1495791840	1664127072	5689914
73	1495791837	1664127063	5689914
72	1459799963	1649127291	5982545
71	1359590982	1612431138	5716946
70	1073240656	1586713974	3638389
69	1073240655	1586713965	3638389
68	940413220	1567737390	1350163
67	904452924	1566060603	1350163
66	900889806	1565237179	3638389
65	900889802	1565237149	3638389
64	900889599	1565236204	5313164
63	900889590	1565236141	5313164
62	897879283	1564701776	1350163
61	897865195	1564701327	1350163
60	893326662	1564262146	4583766
59	893326660	1564262132	4583766
58	893326608	1564262117	4583766
57	888225426	1562955055	4583766
56	888198519	1562953898	4583766
55	847829303	1559946995	4318134
54	847217402	1558831730	1350163
53	847216871	1558828942	1350163
52	847216854	1558828831	1350163
51	847216828	1558828727	1350163
50	847190525	1558741010	3638389
49	847089810	1558498666	1350163
48	847087235	1558492088	1350163
47	847086081	1558489985	1350163
46	847086062	1558489929	1350163
45	846968988	1558381464	1350163
44	846596846	1558281109	1350163
43	835124734	1557551203	1350163
42	808044576	1556846108	1350163
41	808037560	1556824183	1350163
40	808037350	1556823299	1350163
39	697667440	1553546888	3638389
38	697657251	1553546766	3638389
37	697654923	1553546725	3638389
36	650214155	1551033043	1350163
35	646860498	1550518165	1350163
34	646858896	1550518139	1350163
33	567033968	1546637986	1350163
32	367005623	1541801992	3952836
31	213329734	1539805860	3952836
30	168782656	1539061579	3952836
29	168691526	1539058884	2773416
28	168690665	1539058861	2773416
27	168629182	1539056985	3952836
26	168240335	1539045382	3952836
25	164802508	1538967003	4558857
24	164802000	1538966983	4558857
23	146716126	1535834370	2773416
22	137615303	1533500794	3638389
21	136442421	1533164477	1350163
20	136135022	1533082023	3625466
19	135025371	1532679977	2773416
18	135025216	1532679942	2773416
17	134528032	1532544585	1350163
16	134353750	1532494005	1350163
15	134351515	1532493076	1350163
14	134349806	1532492465	1350163
13	134348960	1532492163	1350163
12	134342114	1532490176	1350163
11	134339729	1532489517	1350163
10	134246477	1532461133	1350163
9	134243490	1532460417	1350163
8	134242317	1532460188	1350163
7	134242182	1532460150	1350163
6	134240030	1532459680	1350163
5	134239600	1532459590	1350163
4	134239486	1532459561	1350163
3	134239242	1532459503	1350163
2	134238557	1532459356	1350163
1	134238327	1532459304	1350163
0	134238261	1532459287	1350163
