slug: rpc-884
title: "RPC-884"
tags: ["alpha", "animated-hazard", "extra-dimensional-hazard", "purple", "remnants", "rpc", "titanic-hazard", "transmutation-hazard", "tychokinetic-hazard"]
20	1488507379	1661690735	4981794
19	1365626492	1621193967	6481401
18	1365115404	1621008824	6481401
17	1365086447	1620829051	5716946
16	1365086260	1620828315	5716946
15	1365077988	1620785637	6481401
14	1365077317	1620780984	6481401
13	1365077313	1620780958	6481401
12	1365077074	1620780116	6481401
11	1365077060	1620780021	6481401
10	1365077057	1620780003	6481401
9	1365077054	1620779990	6481401
8	1365077049	1620779943	6481401
7	1365077043	1620779895	6481401
6	1365077039	1620779869	6481401
5	1365077038	1620779853	6481401
4	1365077032	1620779800	6481401
3	1365077030	1620779785	6481401
2	1365077020	1620779727	6481401
1	1365077009	1620779653	6481401
0	1365077007	1620779624	6481401
