slug: myths-and-magic-contest
title: "Myths & Magic Contest"
tags: ["contest"]
18	1366978398	1626026057	3952836
17	1366978321	1626025712	3952836
16	1366978317	1626025697	3952836
15	1366965503	1625960862	3118961
14	1366965501	1625960853	3118961
13	1366965473	1625960630	3118961
12	1366928652	1625757908	3952836
11	1366868834	1625515816	3118961
10	1366608447	1624396035	3118961
9	1366608423	1624395892	3118961
8	1366608415	1624395847	3118961
7	1366562373	1624149370	3118961
6	1366540469	1624051337	3952836
5	1365771707	1621723965	3118961
4	1365755401	1621639334	3118961
3	1365755329	1621639140	3118961
2	1365755323	1621639091	3118961
1	1365755322	1621639078	3118961
0	1365755307	1621638994	3118961
