slug: thaumaturgy
title: "Thaumaturgy"
tags: ["lore"]
24	1531712741	1755908650	3641050
23	1516035175	1700200128	3050074
22	1516035111	1700199396	3050074
21	1516034850	1700197691	3050074
20	1365756161	1621643598	3118961
19	1365756154	1621643553	3118961
18	1365755492	1621639886	3118961
17	1365755475	1621639844	3118961
16	1365755406	1621639395	3118961
15	1365755402	1621639354	6436891
14	1365755327	1621639131	3118961
13	1365755311	1621639021	3118961
12	1365755292	1621638885	3118961
11	1365755282	1621638816	3118961
10	1365755276	1621638746	3118961
9	1365755274	1621638726	3118961
8	1365755269	1621638701	3118961
7	1365755268	1621638693	3118961
6	1365755267	1621638683	3118961
5	1365755266	1621638673	3118961
4	1365755261	1621638650	3118961
3	1365755260	1621638641	3118961
2	1365755257	1621638632	3118961
1	1365755255	1621638615	3118961
0	1365755228	1621638360	3118961
