slug: _award-tool
title: "Award Tool"
tags: []
15	1523079295	1721227340	5982545
14	1366335077	1623112128	3118961
13	1366335073	1623112072	3118961
12	1366335059	1623111933	3118961
11	1366334756	1623110432	3118961
10	1366334724	1623110238	3118961
9	1366334699	1623110172	3118961
8	1366190154	1622821127	3118961
7	1366190150	1622821113	3118961
6	1366173208	1622736637	3118961
5	1366172799	1622735598	3118961
4	1366172792	1622735552	3118961
3	1366172787	1622735528	3118961
2	1366172759	1622735344	3118961
1	1366172743	1622735233	3118961
0	1366172654	1622734672	3118961
