slug: rpc-001contesthub
title: "RPC-001 Contest Hub"
tags: ["contest"]
21	1289103038	1595797779	3118961
20	144074974	1534978960	3970162
19	144074552	1534978891	3970162
18	137987769	1533574581	3638389
17	135682587	1532891180	4240294
16	135682460	1532891151	4240294
15	133604950	1532194549	4240294
14	133600683	1532191249	3952836
13	133504451	1532152474	4240294
12	133495361	1532149669	4240294
11	133491044	1532148594	4240294
10	133480849	1532145639	4240294
9	133477122	1532144745	4240294
8	133476919	1532144697	4240294
7	133474644	1532144247	4240294
6	133474343	1532144117	2773416
5	133473628	1532143756	4240294
4	133473490	1532143648	4240294
3	133473049	1532143414	4240294
2	133472992	1532143400	4240294
1	133472756	1532143317	4240294
0	133472315	1532143197	4240294
