slug: rpc-000-j
title: "RPC-000-J"
tags: ["rpc-j", "translated"]
26	1358568494	1608409230	5982545
25	1356108993	1601152994	5689914
24	1356108467	1601150227	5689914
23	1089538501	1589440222	3646714
22	1089528790	1589401528	3992967
21	889597339	1563075233	3118961
20	683302145	1552786588	3118961
19	537832489	1545556534	4981794
18	218335014	1539901079	2906223
17	149341577	1538296773	3992967
16	148910757	1538125021	3992967
15	146834871	1535939503	3646714
14	144838957	1535205173	3992967
13	135688118	1532892240	4240294
12	135686664	1532891984	3625466
11	131917206	1531419008	3992967
10	131913020	1531417061	3992967
9	131904731	1531413273	3646714
8	131742784	1531349143	2773416
7	130362416	1530651720	3803946
6	130358881	1530650381	3803946
5	130311943	1530631587	4284983
4	130311743	1530631507	4284983
3	130309846	1530630760	4284983
2	130234027	1530605467	3992967
1	130232949	1530605120	3992967
0	130232707	1530605028	3992967
