slug: axietheaxolotl
title: "AxieTheAxolotl"
tags: ["sandbox"]
46	1357242692	1603943754	4921282
45	1356150792	1601340509	4921282
44	1318440010	1598271182	4921282
43	1318439851	1598270467	4921282
42	1318439842	1598270408	4921282
41	1318439830	1598270376	4921282
40	1318439822	1598270339	4921282
39	1311411086	1597579667	4921282
38	1311411074	1597579580	4921282
37	1311411070	1597579551	4921282
36	1311411068	1597579536	4921282
35	1311410991	1597579155	4921282
34	1311410986	1597579117	4921282
33	1311410762	1597578312	4921282
32	1311410739	1597578206	4921282
31	1234417980	1594626978	4921282
30	1229883463	1594559224	4921282
29	1229883445	1594559156	4921282
28	1229883392	1594558954	4921282
27	1229882271	1594558847	4921282
26	1229881223	1594558823	4921282
25	1229880230	1594558797	4921282
24	1229874959	1594558692	4921282
23	1229873998	1594558676	4921282
22	1229868567	1594558583	4921282
21	1229865568	1594558513	4921282
20	1229863981	1594558485	4921282
19	1229855514	1594558364	4921282
18	1229853543	1594558337	4921282
17	1229851978	1594558315	4921282
16	1229405056	1594552475	4921282
15	1229402384	1594552426	4921282
14	1229397121	1594552339	4921282
13	1229395932	1594552320	4921282
12	1229351755	1594551832	4921282
11	1229323155	1594551462	4921282
10	1089596697	1589621747	4921282
9	1089596693	1589621735	4921282
8	1089596687	1589621719	4921282
7	1089596657	1589621657	4921282
6	1089596524	1589621575	4921282
5	1089596511	1589621548	4921282
4	1089596497	1589621518	4921282
3	1089596480	1589621485	4921282
2	1084580791	1588940387	4921282
1	1084580574	1588939847	4921282
0	1084580507	1588939713	4921282
