slug: rpc-696
title: "RPC-696"
tags: ["beta", "emotional-hazard", "mind-control-hazard", "orange", "organic-hazard", "rpc", "sentient-hazard", "tychokinetic-hazard"]
15	1475037752	1656714336	3970162
14	1362081947	1617755248	3512728
13	1362080849	1617747054	3512728
12	1316384013	1598153341	5330965
11	1213358976	1592433730	5422280
10	1213205608	1592430162	5422280
9	1213115038	1592428827	5422280
8	879230662	1562074598	5422280
7	879036861	1562045517	4315330
6	878906092	1562036941	3952836
5	876092541	1561842624	3952836
4	876092535	1561842568	3952836
3	876015262	1561839741	5422280
2	875804473	1561835284	5422280
1	875804465	1561835209	5422280
0	875804363	1561834531	5422280
