slug: _pagetagstest
title: "Page Tags"
tags: []
36	1530116659	1747249825	5982545
35	1530093520	1747085556	5982545
34	1530093490	1747085352	5982545
33	1530080871	1747015791	5982545
32	1530078616	1746995944	5982545
31	1530078613	1746995930	5982545
30	1530078596	1746995815	5982545
29	1530063569	1746973865	5982545
28	1530025854	1746825339	5982545
27	1530025833	1746825088	5982545
26	1530025828	1746825068	5982545
25	1530025789	1746824865	5982545
24	1530025735	1746824433	5982545
23	1530025666	1746824251	5982545
22	1530025601	1746824084	5982545
21	1529962001	1746446049	5982545
20	1529961987	1746445995	5982545
19	1529961964	1746445865	5982545
18	1529961957	1746445806	5982545
17	1529777077	1745969875	5982545
16	1529761952	1745892886	5982545
15	1529761936	1745892699	5982545
14	1529761914	1745892390	5982545
13	1529632721	1745795248	5982545
12	1529632710	1745795117	5982545
11	1529632477	1745793550	5982545
10	1529627061	1745763110	5982545
9	1529626897	1745762334	5982545
8	1529626834	1745762133	5982545
7	1529626582	1745761218	5982545
6	1529626572	1745761126	5982545
5	1523079691	1721229643	5982545
4	1523079687	1721229606	5982545
3	1523079685	1721229594	5982545
2	1523079541	1721228661	5982545
1	1523079530	1721228587	5982545
0	1523079525	1721228570	5982545
