slug: rpc-992
title: "RPC-992"
tags: ["alpha", "children-of-nihil", "extra-dimensional-hazard", "info-hazard", "rpc", "translated", "white"]
11	1528460562	1742058208	7752413
10	1528460555	1742058175	7752413
9	1528460542	1742058130	7752413
8	1366625436	1624471394	3672751
7	1207469398	1592252483	3672751
6	1185073799	1590970270	3672751
5	1133103868	1590386776	3638389
4	1133086422	1590386682	3638389
3	900889176	1565234407	3952836
2	897909112	1564704362	3118961
1	893481175	1564350507	3672751
0	893481159	1564350412	3672751
