slug: rpc-417
title: "RPC-417"
tags: ["alpha", "animated-hazard", "extra-dimensional-hazard", "grouped-hazard", "mechanical-hazard", "regenerative-hazard", "rpc", "sapient-hazard", "transmutation-hazard", "white"]
26	1073213303	1586661858	3638389
25	1073213300	1586661849	3638389
24	1073213283	1586661807	3638389
23	1073213275	1586661790	3638389
22	949067190	1568508615	4583766
21	949067181	1568508593	4583766
20	641664349	1549629243	4981794
19	641664343	1549629231	4981794
18	590364657	1547327381	2773416
17	367006461	1541803915	3952836
16	234438472	1540075209	3638389
15	213239759	1539801603	3952836
14	213075512	1539797742	4695861
13	187961458	1539311695	1315056
12	176295857	1539212979	1315056
11	176293695	1539212932	1315056
10	164669630	1538963535	2773416
9	164659892	1538963303	2773416
8	164659460	1538963285	2773416
7	147426998	1536779542	1315056
6	146716725	1535835897	2773416
5	133373230	1532039673	1315056
4	130396032	1530666362	2773416
3	129706558	1530407632	2773416
2	129685271	1530392758	1315056
1	129684914	1530392569	1315056
0	129684549	1530392395	1315056
