slug: research-hub
title: "Research Division"
tags: ["hub", "lore"]
29	1523254078	1722111704	5982545
28	1523253226	1722106022	3638389
27	1508698404	1679276292	5982545
26	1367009684	1626207452	3952836
25	1366474216	1623708976	3118961
24	1366472651	1623698703	3118961
23	1360150733	1614550920	4433848
22	1360006059	1613851825	3118961
21	1359358967	1611362284	6264298
20	1359358961	1611362261	6264298
19	1359356219	1611346631	4318134
18	1359355391	1611343225	6436891
17	1359355387	1611343210	6436891
16	1359355166	1611342288	4365296
15	1131004639	1590375370	3646714
14	1130991929	1590375267	3646714
13	1050690085	1584475974	3118961
12	1047087628	1582957850	4981794
11	1047087258	1582957100	6129319
10	891773552	1563220682	3952836
9	666687082	1551753703	1315056
8	666597855	1551752659	5208732
7	641639770	1549585169	4981794
6	641449951	1549137069	3118961
5	641449945	1549137050	3118961
4	594050756	1547484218	3118961
3	508543298	1544582992	4548098
2	491881184	1544479406	3646714
1	149617260	1538423680	3646714
0	149617041	1538423542	3646714
