slug: protection-hub
title: "Protection Division"
tags: ["hub", "lore"]
52	1523254079	1722111705	5982545
51	1523253804	1722109104	3638389
50	1365919798	1622037421	3970162
49	1365919738	1622037127	3970162
48	1359313113	1611198503	1315056
47	1359312430	1611196430	3970162
46	1359309819	1611189779	3970162
45	1359302799	1611189681	3970162
44	1359288198	1611189359	3970162
43	1359283117	1611188750	3970162
42	1359283049	1611188548	3970162
41	1359283037	1611188530	3970162
40	1359283027	1611188509	3970162
39	1358688959	1609004395	3970162
38	1358509809	1608321920	3970162
37	1358509728	1608321239	3970162
36	1131006408	1590375386	3646714
35	1131002463	1590375355	3646714
34	1130995890	1590375299	3646714
33	1050690115	1584476027	3118961
32	1050690094	1584475985	3118961
31	1050690072	1584475949	3118961
30	1047087621	1582957831	4981794
29	1047087268	1582957120	6129319
28	1034733661	1581471481	1574054
27	1033764873	1578540361	1574054
26	1033764864	1578540321	1574054
25	986196083	1574307488	3970162
24	986196079	1574307466	3970162
23	956913727	1569270438	4584404
22	956869549	1569266977	3970162
21	956868819	1569266926	3970162
20	956212530	1569187431	3970162
19	956208882	1569186781	3970162
18	954783793	1569079870	2776183
17	892602087	1563461977	3625466
16	881019427	1562447340	3970162
15	802040258	1556115155	3118961
14	683459638	1553022265	2241229
13	682664773	1552523151	3118961
12	682415784	1552443486	3118961
11	666684403	1551753675	1315056
10	666623191	1551752962	5208732
9	666398378	1551750301	1574054
8	641582267	1549470361	1574054
7	641582253	1549470310	1574054
6	641581654	1549469306	1574054
5	641449960	1549137088	3118961
4	604641635	1547689391	4365296
3	492576537	1544484982	3646714
2	491881470	1544479501	3646714
1	149617270	1538423707	3646714
0	149617114	1538423594	3646714
