slug: containment-hub
title: "Containment Division"
tags: ["hub", "lore"]
50	1523254080	1722111707	5982545
49	1523253208	1722105809	3638389
48	1496192661	1665316454	7803981
47	1459783868	1649036833	3672751
46	1367009496	1626206303	5258122
45	1360548794	1615766334	3118961
44	1359890361	1613441206	3118961
43	1359890024	1613439860	3118961
42	1359724213	1612984172	4318134
41	1359724208	1612984146	4318134
40	1359575707	1612359718	3118961
39	1359357524	1611354225	3672751
38	1359356083	1611346297	5258122
37	1359355960	1611345978	4318134
36	1359355937	1611345859	4318134
35	1359355869	1611345351	4365296
34	1359355862	1611345314	4365296
33	1359355821	1611345195	4365296
32	1358509738	1608321301	3970162
31	1358509735	1608321277	3970162
30	1357575302	1605162445	3970162
29	1357575301	1605162427	3970162
28	1357574669	1605159093	3118961
27	1357574668	1605159072	3118961
26	1050683218	1584461556	3118961
25	1047087616	1582957817	4981794
24	1047087274	1582957142	6129319
23	1034097807	1579704679	3118961
22	1034051340	1579535143	1315056
21	941900220	1567809370	3952836
20	900879593	1565196901	1315056
19	900874661	1565184906	1315056
18	900874599	1565184730	1315056
17	892562183	1563337068	3478027
16	892561329	1563333095	4302636
15	802016605	1556072833	3118961
14	682664730	1552523004	3118961
13	682664501	1552522284	3118961
12	682415789	1552443506	3118961
11	666681274	1551753643	1315056
10	666635129	1551753128	5208732
9	641449989	1549137153	3118961
8	512005986	1544612167	4302636
7	508632816	1544588678	4302636
6	492235989	1544483518	4302636
5	491927221	1544481718	4302636
4	491925184	1544481699	4302636
3	491881797	1544479649	3646714
2	491881588	1544479561	3646714
1	149617313	1538423738	3646714
0	149617227	1538423622	3646714
