slug: guide-hub
title: "Guida principale"
tags: ["home"]
45	1532678516	1759631520	9546096
44	1532678494	1759631413	9546096
43	1532678491	1759631392	9546096
42	1532678408	1759631375	9546096
41	1532678378	1759631200	9546096
40	1532678013	1759629236	9546096
39	1532678010	1759629219	9546096
38	1529138498	1744117001	4022955
37	1529138494	1744116988	4022955
36	1529138485	1744116943	4022955
35	1529138482	1744116927	4022955
34	1525949056	1732408669	4022955
33	1525948491	1732403070	4022955
32	1525948462	1732402723	4022955
31	1525948459	1732402705	4022955
30	1525948456	1732402683	4022955
29	1525948444	1732402470	4022955
28	1525948442	1732402458	4022955
27	1525948436	1732402407	4022955
26	1513952555	1694801849	4022955
25	1512393537	1689881989	4428715
24	1511275721	1686706978	4022955
23	1508145910	1677524902	4022955
22	1508145904	1677524882	4022955
21	1508120185	1677426744	4022955
20	1507090389	1675092256	4022955
19	1507090373	1675092190	4022955
18	1507090333	1675092159	4022955
17	1506807062	1674473588	4022955
16	1497877466	1669611618	4022955
15	1497865515	1669558075	4022955
14	1497859223	1669531698	4022955
13	1497859112	1669531156	4022955
12	1461790962	1654775504	6284185
11	1461790904	1654775373	6284185
10	1461784539	1654763052	6284185
9	1461784476	1654762814	6284185
8	1461784423	1654762768	6284185
7	1461518020	1654201279	4022955
6	1387368305	1638966421	7176920
5	1386319785	1636854163	4022955
4	1379152346	1630958715	6284185
3	1371930049	1629406487	4022955
2	1371097380	1629132823	7176920
1	1371097083	1629132156	7176920
0	1371096476	1629129596	7176920
