slug: lab:no-term-test
title: ""
tags: []
19	75043188	1462295326	2278265
18	75040526	1462286476	2278265
17	75039583	1462283394	2278265
16	75039542	1462283320	2278265
15	75039257	1462282646	2278265
14	75039244	1462282505	2278265
13	75017118	1462241131	754405
12	74958608	1462044102	2278265
11	74932762	1462008025	2278265
10	74932160	1462007595	2278265
9	74848339	1461822680	2278265
8	74847864	1461822163	2278265
7	74847747	1461822057	2278265
6	74827734	1461767633	2278265
5	74827429	1461767402	2278265
4	74814796	1461750505	2278265
3	74814320	1461747556	2278265
2	74810451	1461737084	2278265
1	74805182	1461709900	2278265
0	74785312	1461654459	2278265
