slug: rpcb4k
title: "rpc.b4k.org"
tags: ["collaboration", "comedy", "document", "non-canon"]
95	1545101493	1783572384	7013424
94	1545101440	1783572131	7013424
93	1545097380	1783551581	3072892
92	1544488160	1780799179	3072892
91	1544488103	1780798871	3072892
90	1544487996	1780798369	3072892
89	1544487926	1780797951	3072892
88	1544487872	1780797663	3072892
87	1544487663	1780796913	3072892
86	1544487262	1780795242	3072892
85	1544487259	1780795231	3072892
84	1544487247	1780795168	3072892
83	1544487046	1780794663	3072892
82	1544487040	1780794639	3072892
81	1544486810	1780793434	10394044
80	1544486796	1780793387	3072892
79	1544486785	1780793332	3072892
78	1544485397	1780788119	10394044
77	1544485370	1780787766	10394044
76	1544485333	1780787360	10394044
75	1544485267	1780786845	10394044
74	1544485225	1780786536	10394044
73	1544485158	1780786232	10394044
72	1544427979	1780516700	5982545
71	1544427975	1780516675	5982545
70	1541845135	1770550373	4330657
69	1541845041	1770550033	4330657
68	1541845035	1770550003	4330657
67	1539497990	1763197578	4330657
66	1532390320	1758382133	4330657
65	1532390266	1758381839	4330657
64	1532390154	1758381362	4330657
63	1532390148	1758381339	4330657
62	1532389947	1758380687	4330657
61	1532389928	1758380602	4330657
60	1532181423	1757284778	5982545
59	1532181410	1757284632	5982545
58	1532181367	1757283979	5982545
57	1531773676	1756191219	4330657
56	1531560993	1755167379	4330657
55	1531560896	1755166762	4330657
54	1523036117	1720968125	5982545
53	1523036109	1720968081	5982545
52	1523036102	1720968007	5982545
51	1517964808	1706838380	5982545
50	1517964785	1706838305	5982545
49	1516391715	1701384278	4330657
48	1513997198	1694956769	5982545
47	1513932948	1694707059	5982545
46	1513932921	1694706833	5982545
45	1513932911	1694706741	5982545
44	1513073384	1692299464	8622928
43	1513073365	1692299397	8622928
42	1513073354	1692299337	8622928
41	1513073195	1692298578	8622928
40	1513073123	1692298195	8622928
39	1513072981	1692297653	8622928
38	1513072829	1692297024	8622928
37	1513072587	1692295886	8622928
36	1509711887	1682189033	4330657
35	1509711824	1682188850	4330657
34	1509703579	1682150460	4330657
33	1509703563	1682150391	4330657
32	1509703533	1682150218	4330657
31	1509703499	1682150198	4330657
30	1509703043	1682147886	4330657
29	1507992409	1677142555	4981794
28	1507992348	1677142308	4981794
27	1507992342	1677142257	4981794
26	1507740268	1676574400	5716946
25	1507740183	1676574176	5716946
24	1497221089	1667781478	4330657
23	1497198435	1667690417	4330657
22	1497198337	1667690031	4330657
21	1497198171	1667689206	4330657
20	1495822334	1664229484	4330657
19	1495822173	1664228669	4330657
18	1495638820	1663735228	2818841
17	1495638817	1663735209	2818841
16	1495638813	1663735180	2818841
15	1495638810	1663735155	2818841
14	1495638777	1663735106	2818841
13	1495638489	1663733980	4330657
12	1495638451	1663733890	4330657
11	1495638435	1663733775	4330657
10	1495638202	1663732993	2818841
9	1495638163	1663732978	2818841
8	1495637811	1663731272	2818841
7	1495217779	1662577962	4330657
6	1495217517	1662576924	4330657
5	1494870587	1662088464	4330657
4	1494869773	1662084213	4330657
3	1494867685	1662074572	3118961
2	1494867680	1662074556	3118961
1	1494865820	1662066319	3672751
0	1494865497	1662064835	4330657
