slug: rpc-127
title: "RPC-127"
tags: ["aquatic-hazard", "beta", "emotional-hazard", "purple", "rpc", "sapient-hazard", "translated", "transmutation-hazard"]
50	1530930696	1752186925	9487909
49	1519346544	1712120318	3050074
48	1496163612	1665167973	6371726
47	1496163323	1665166992	6371726
46	1358989532	1610263221	3625466
45	946024201	1568163196	3952836
44	904367533	1565881389	3952836
43	904366919	1565879267	3952836
42	904366910	1565879221	3952836
41	904366845	1565878747	3952836
40	897514130	1564688570	2776183
39	808016524	1556778787	3970162
38	808016513	1556778747	3970162
37	808016497	1556778701	3970162
36	808016471	1556778601	3970162
35	808016435	1556778525	3970162
34	748223603	1555285764	4981794
33	682160986	1552374868	3638389
32	682160968	1552374811	3638389
31	641359555	1548921045	4981794
30	554958507	1546400833	1735419
29	367005595	1541801856	3952836
28	164668736	1538963519	4558857
27	147841220	1537242054	3695517
26	147841077	1537241619	3695517
25	147841073	1537241602	3695517
24	146713396	1535827633	3625466
23	137616705	1533500982	3638389
22	133861607	1532334007	3695517
21	133859818	1532333192	3695517
20	133370041	1532031423	3695517
19	133118346	1531889569	3695517
18	133118239	1531889459	3695517
17	132789351	1531751598	4303827
16	132762769	1531697690	4293284
15	132762763	1531697654	4293284
14	132759154	1531688714	3695517
13	132634165	1531621765	3549825
12	132632929	1531621377	3549825
11	132632857	1531621348	3549825
10	132632743	1531621314	3549825
9	132632324	1531621188	3549825
8	132631844	1531621034	3549825
7	132545732	1531592402	3695517
6	132428475	1531551397	3695517
5	132391149	1531544090	4240294
4	132363106	1531537050	4293284
3	132362627	1531536909	4293284
2	132339749	1531531059	4293284
1	132322611	1531526717	4293284
0	132321283	1531526402	3695517
