slug: rpc-903
title: "RPC-903"
tags: ["contestwinner", "done-and-dusted", "emotional-hazard", "immeasurable-hazard", "neutralized", "psychotronic-hazard", "rpc", "sapient-hazard", "sensory-hazard", "translated"]
19	1533061823	1760669299	9487909
18	1533061821	1760669288	9487909
17	1533061746	1760668783	9487909
16	1533061741	1760668760	9487909
15	1533061738	1760668726	9487909
14	1525066927	1728265353	3050074
13	1525065724	1728259130	5258122
12	1525034716	1728073031	3050074
11	1525034519	1728071655	3050074
10	1525032333	1728071106	3050074
9	1524996909	1728047994	4981794
8	1524992184	1728026528	4981794
7	1524954547	1727816010	3050074
6	1524954545	1727815996	3050074
5	1524950444	1727797575	3077628
4	1524938043	1727741323	3077628
3	1524938033	1727741270	3077628
2	1524938031	1727741258	3077628
1	1524938029	1727741243	3077628
0	1524937937	1727740901	3077628
