slug: news-4
title: "Новости - события 2015"
tags: []
55	61486581	1451631708	754405
54	61486580	1451631691	754405
53	61476822	1451582137	754405
52	61452155	1451509233	754405
51	58342916	1448953861	754405
50	58313855	1448830820	754405
49	57664098	1446365504	754405
48	57629707	1446249625	754405
47	57593348	1446162668	754405
46	57150198	1445360420	754405
45	56918862	1444428045	754405
44	56771687	1443718829	754405
43	56752850	1443632462	754405
42	56559463	1442769766	754405
41	56359277	1441906414	754405
40	56189446	1441127127	754405
39	56171088	1441043076	754405
38	56146062	1440922977	754405
37	55917917	1440226861	754405
36	55909935	1440181298	754405
35	55881857	1440054647	754405
34	55687236	1439312426	754405
33	55663236	1439233228	754405
32	55487721	1438431677	754405
31	55472616	1438362018	754405
30	55451162	1438275653	754405
29	55116036	1437393621	754405
28	54851710	1436374839	754405
27	54734993	1435770020	754405
26	54697826	1435611816	754405
25	54389459	1434239725	754405
24	54134687	1433185232	754405
23	54110391	1433055647	754405
22	54101289	1433005230	754405
21	53848286	1431810265	754405
20	53799690	1431593409	754405
19	53799587	1431592990	754405
18	53632682	1430832625	754405
17	53579244	1430584235	754405
16	53564243	1430506822	754405
15	53531765	1430359247	754405
14	53477348	1430154021	754405
13	53067423	1428159751	754405
12	52993115	1427836055	754405
11	52993028	1427835658	754405
10	52989335	1427821250	754405
9	52750548	1426870818	754405
8	52396574	1425186058	754405
7	52378271	1425073339	754405
6	51960058	1422817256	754405
5	51948330	1422723654	754405
4	51813809	1421946070	754405
3	51785522	1421766726	754405
2	51656719	1420945213	754405
1	51650660	1420893622	754405
0	51533760	1420062936	754405
