slug: concurso-viejos-tiempos
title: "Evento Viejos Tiempos"
tags: ["evento", "hub", "viejos-tiempos"]
50	1531532906	1755070818	9161410
49	1531532853	1755070730	9161410
48	1531532814	1755070651	9161410
47	1531532676	1755070374	9161410
46	1531345510	1754159495	9161410
45	1530917942	1752127901	9161410
44	1530917880	1752127636	9161410
43	1530917861	1752127517	9161410
42	1530917185	1752125011	9161410
41	1530917169	1752124927	9161410
40	1530917110	1752124803	9161410
39	1530541189	1750132225	9161410
38	1530541186	1750132199	9161410
37	1529923247	1746417257	9161410
36	1529923245	1746417245	9161410
35	1529923241	1746417229	9161410
34	1529923225	1746417117	9161410
33	1529923221	1746417105	9161410
32	1529830070	1746043751	9161410
31	1529830047	1746043537	9161410
30	1529830029	1746043411	9161410
29	1529830022	1746043329	9161410
28	1529776348	1745965937	9161410
27	1529776332	1745965793	9161410
26	1529776325	1745965716	9161410
25	1529776320	1745965655	9161410
24	1529776316	1745965597	9161410
23	1529776302	1745965489	9161410
22	1529776299	1745965471	9161410
21	1529319502	1744750560	9161410
20	1529319497	1744750511	9161410
19	1529319456	1744750460	9161410
18	1529319432	1744750365	9161410
17	1529319418	1744750283	9161410
16	1529319410	1744750229	9161410
15	1529082583	1743918373	9161410
14	1529080395	1743908539	9161410
13	1529064771	1743833753	9161410
12	1528998302	1743569385	9161410
11	1528998287	1743569239	9161410
10	1528998066	1743567516	9161410
9	1528997988	1743566880	9161410
8	1528997891	1743566592	9161410
7	1528992321	1743529426	9161410
6	1528991735	1743527159	9161410
5	1528991617	1743526722	9161410
4	1528991601	1743526634	9161410
3	1528991585	1743526582	9161410
2	1528991572	1743526534	9161410
1	1528991422	1743526115	9161410
0	1528991416	1743526100	9161410
