slug: authority-security-force
title: "Authority Security Force"
tags: ["document", "lore", "top10"]
74	1475103506	1656716031	3672751
73	1366789781	1625061580	3118961
72	1359255295	1611100988	3118961
71	1359255243	1611100861	3118961
70	1359255240	1611100833	3118961
69	1359251528	1611088450	3118961
68	1359251525	1611088417	3118961
67	1359251437	1611088240	3118961
66	1359251435	1611088231	3118961
65	1359250775	1611086052	3118961
64	1358509771	1608321565	3970162
63	1358509758	1608321442	3970162
62	1358509755	1608321424	3970162
61	1358509752	1608321402	3970162
60	1199910233	1592006774	3118961
59	1075401865	1588120773	3118961
58	1075401860	1588120764	3118961
57	1075401848	1588120738	3118961
56	1046574622	1582421143	1574054
55	1034647262	1581133615	1574054
54	1034030840	1579505042	5258122
53	1034030830	1579504998	5258122
52	1034030818	1579504957	5258122
51	1033907680	1579048943	5258122
50	1033907648	1579048650	5258122
49	1033907638	1579048552	5258122
48	1033841837	1578759576	1574054
47	1033764806	1578539949	1574054
46	1033764764	1578539631	1574054
45	918018946	1567216945	1574054
44	902941821	1565709368	3118961
43	874354001	1561765088	1574054
42	874353617	1561762766	1574054
41	874043732	1561739691	1574054
40	800220863	1555898113	1574054
39	800220853	1555898070	1574054
38	800220785	1555897773	1574054
37	800220772	1555897694	1574054
36	800220759	1555897631	1574054
35	800220619	1555897109	1574054
34	800220374	1555896388	1574054
33	800220230	1555895712	1574054
32	800220180	1555895542	1574054
31	800219992	1555894787	1574054
30	800219984	1555894766	1574054
29	800219974	1555894762	1574054
28	683372301	1552954348	1574054
27	683336235	1552861205	3970162
26	683336224	1552861175	3970162
25	683335833	1552860242	3970162
24	683335591	1552859678	3970162
23	683335587	1552859666	3970162
22	683335567	1552859600	3970162
21	683335433	1552859240	3970162
20	683335399	1552859134	3970162
19	683335386	1552859092	3970162
18	683335373	1552859064	3970162
17	683335299	1552858852	3970162
16	683335235	1552858807	3970162
15	683299066	1552779327	1574054
14	641581693	1549469343	1574054
13	583816608	1547134552	1574054
12	581035808	1547096046	1574054
11	540768894	1546126278	3646714
10	520829918	1544847244	1574054
9	517960963	1544671960	1574054
8	491892268	1544481408	3646714
7	491885544	1544481154	1574054
6	491885000	1544480956	1574054
5	491884331	1544480716	1574054
4	491884291	1544480689	1574054
3	491884213	1544480658	1574054
2	491883809	1544480470	1574054
1	491883573	1544480361	1574054
0	491883323	1544480262	1574054
