slug: archived:the-bureau-of-acquisition
title: "The Bureau Of Acquisitions"
tags: ["archived"]
19	1479865865	1660178989	5258122
18	1479865743	1660178052	5258122
17	1479287012	1658789598	3118961
16	1359355911	1611345694	4365296
15	1359355801	1611345061	4318134
14	1359355384	1611343193	6436891
13	1359355173	1611342311	4365296
12	1075401944	1588120948	3118961
11	1075401788	1588120605	3118961
10	1075401780	1588120589	3118961
9	981531888	1573864032	5364454
8	904432267	1565990427	3952836
7	891650763	1563218683	3952836
6	683590851	1553161222	4981794
5	497809865	1544504127	3952836
4	492296385	1544483793	3646714
3	492288522	1544483750	3646714
2	491967697	1544481975	3207272
1	491885343	1544481073	3646714
0	491883967	1544480542	3952836
