slug: authority-events-hub
title: "Authority Events Hub"
tags: ["hub", "information"]
92	1519494642	1712588115	5258122
91	1519494640	1712588089	5258122
90	1519494638	1712588072	5258122
89	1518967329	1710218122	5258122
88	1514139549	1695410111	5258122
87	1514139507	1695410015	5258122
86	1514139499	1695409957	5258122
85	1514139432	1695409759	5258122
84	1514139370	1695409466	5258122
83	1514139360	1695409364	5258122
82	1514138959	1695408088	5258122
81	1514138955	1695408035	5258122
80	1508570612	1678926788	5258122
79	1508570594	1678926666	5258122
78	1505446519	1672094081	5258122
77	1496010824	1664848493	5258122
76	1496010806	1664848368	5258122
75	1496010775	1664848195	5258122
74	1496010755	1664848055	5258122
73	1496010747	1664848012	5258122
72	1496010706	1664847977	5258122
71	1496010536	1664847358	5258122
70	1496010533	1664847343	5258122
69	1496010528	1664847321	5258122
68	1496010515	1664847255	5258122
67	1496010506	1664847203	5258122
66	1496010487	1664847098	5258122
65	1496010482	1664847077	5258122
64	1496010466	1664847001	5258122
63	1496010458	1664846972	5258122
62	1496010450	1664846921	5258122
61	1496010446	1664846895	5258122
60	1496010304	1664846191	5258122
59	1496010296	1664846132	5258122
58	1496010291	1664846111	5258122
57	1496010277	1664846013	5258122
56	1496010206	1664845732	5258122
55	1496010195	1664845632	5258122
54	1459783802	1649036340	3672751
53	1389081701	1645843867	7271260
52	1389081622	1645843775	7271260
51	1387600347	1639709508	5258122
50	1387600343	1639709481	5258122
49	1387600300	1639709384	5258122
48	1387600297	1639709358	5258122
47	1387297976	1638662071	3672751
46	1387297912	1638661731	5258122
45	1387297898	1638661636	5258122
44	1387297889	1638661586	5258122
43	1387297877	1638661533	5258122
42	1387297856	1638661339	5258122
41	1387297851	1638661298	5258122
40	1387297842	1638661207	5258122
39	1387297807	1638660940	5258122
38	1387297802	1638660914	5258122
37	1387297781	1638660814	5258122
36	1387297772	1638660743	5258122
35	1387297758	1638660648	5258122
34	1387297749	1638660611	5258122
33	1387297733	1638660496	5258122
32	1387297722	1638660445	5258122
31	1387297714	1638660421	5258122
30	1387297695	1638660309	5258122
29	1387297649	1638659962	5258122
28	1387297519	1638658914	5258122
27	1387297513	1638658890	5258122
26	1387297493	1638658739	5258122
25	1387297472	1638658569	5258122
24	1387297463	1638658507	5258122
23	1361774582	1616557874	3118961
22	1360795653	1615991532	3118961
21	1360567824	1615868713	3118961
20	1360567787	1615868124	3118961
19	1360562066	1615837006	3118961
18	1360562034	1615836925	3118961
17	1360548727	1615765939	3118961
16	1360548702	1615765756	3118961
15	1360544670	1615744964	3118961
14	1360544663	1615744931	3118961
13	1360544655	1615744858	3118961
12	1360544650	1615744827	3118961
11	1360544637	1615744734	3118961
10	1360544623	1615744627	3118961
9	1357199213	1603739491	3118961
8	1339514793	1599949787	3118961
7	1318442646	1598279713	3118961
6	1318425591	1598209035	3118961
5	1311395721	1597506652	3118961
4	1311395634	1597506534	3118961
3	1311395556	1597506279	3118961
2	1311395483	1597505943	3118961
1	1311011319	1596257559	3118961
0	1311011315	1596257544	3118961
