slug: rpc-240
title: "RPC-240"
tags: ["neutralized", "rpc", "temporal-hazard"]
28	1528933088	1743285652	2947029
27	1524702321	1726776348	5982545
26	1474682621	1656708036	3672751
25	1048422419	1584125227	4315330
24	1005392923	1575735782	4315330
23	1005369549	1575735595	4315330
22	901565214	1565498867	3952836
21	901565212	1565498859	3952836
20	897909314	1564705219	3118961
19	892912096	1563975829	4383784
18	892912064	1563975641	4383784
17	830406739	1557052705	4268005
16	802925722	1556285410	4315330
15	796668036	1555801388	1315056
14	795329296	1555781309	4981794
13	723823821	1554802447	4981794
12	719271074	1554525595	4315330
11	719271059	1554525546	4315330
10	645201009	1550467528	4315330
9	641771754	1549899791	4315330
8	550498953	1546304702	4315330
7	538966630	1545954709	4315330
6	538966618	1545954681	4315330
5	538904773	1545890220	3638389
4	538904061	1545890204	3638389
3	538888098	1545877232	4315330
2	538888087	1545877179	4315330
1	538888077	1545877125	4315330
0	538888051	1545876996	4315330
