slug: rpc-830
title: "RPC-830"
tags: ["below-zero", "children-of-nihil", "extra-dimensional-hazard", "gamma", "grouped-hazard", "ideological-hazard", "red", "rpc", "translated"]
24	1528075004	1740406263	9487909
23	1515144100	1697670998	4981794
22	1510558858	1685230644	7271260
21	1510558856	1685230635	7271260
20	1357663084	1605531585	3118961
19	1357653872	1605495064	4558857
18	1075421145	1588158559	4558857
17	1073242663	1586715073	3638389
16	1073242662	1586715064	3638389
15	1072942229	1585869966	5550361
14	1072942222	1585869921	5550361
13	1034646045	1581128401	4558857
12	1009978194	1575946834	3167282
11	1009978182	1575946669	3167282
10	1009978151	1575946648	3167282
9	1009978143	1575946603	3167282
8	1009978137	1575946541	3167282
7	991794898	1575357466	4558857
6	991777717	1575357134	4558857
5	986280701	1574382306	4558857
4	986279729	1574375171	3952836
3	986194113	1574297636	4558857
2	986194050	1574297130	4558857
1	986194041	1574297082	4558857
0	986194015	1574296916	4558857
