slug: rpc-437
title: "RPC-437"
tags: ["beta", "contact-hazard", "emotional-hazard", "ideological-hazard", "mind-control-hazard", "psychotronic-hazard", "red", "rpc", "sentient-hazard", "visual-hazard"]
18	1362079650	1617740746	3512728
17	1362079634	1617740694	3512728
16	1362079532	1617740272	3512728
15	1240395978	1594894153	4315330
14	1073851593	1587230381	3638389
13	1073851587	1587230353	3638389
12	1073851580	1587230312	3638389
11	1033999166	1579387745	2776183
10	1033485103	1577330002	2776183
9	1033393808	1577026979	2776183
8	1033317797	1576796230	2776183
7	1033317149	1576792546	2776183
6	1020713321	1576494562	2776183
5	1020713212	1576494338	2776183
4	1018938239	1576454660	4383784
3	1018929724	1576433278	2776183
2	1018929691	1576433195	2776183
1	1018929588	1576432901	2776183
0	1018929578	1576432869	2776183
