slug: redeeming-qualities-may-not-apply-s-fm-divebar
title: "Redeeming Qualities may not Apply's FM Divebar"
tags: ["author-page"]
71	1379469802	1632033898	5258122
70	1364914424	1620229283	5258122
69	1364912728	1620222823	5258122
68	1364912725	1620222797	5258122
67	1364401579	1619042798	5258122
66	1364401520	1619042783	5258122
65	1364401136	1619042698	5258122
64	1311365172	1597371273	5258122
63	1311365164	1597371224	5258122
62	1311025817	1596328115	5258122
61	1311025792	1596328041	5258122
60	1263722147	1595368784	5258122
59	1263717523	1595368662	5258122
58	1263683864	1595368305	5258122
57	1263678396	1595368234	5258122
56	1263647100	1595367753	5258122
55	1263646978	1595367649	5258122
54	1263646873	1595367553	5258122
53	1261212922	1595324214	5258122
52	1261148614	1595323474	5258122
51	1261140679	1595323401	5258122
50	1261126359	1595323221	5258122
49	1261124580	1595323186	5258122
48	1261114300	1595322945	5258122
47	1261110457	1595322883	5258122
46	1261103031	1595322781	5258122
45	1261096749	1595322708	5258122
44	1261087101	1595322602	5258122
43	1261084864	1595322563	5258122
42	1261077014	1595322458	5258122
41	1261070229	1595322380	5258122
40	1261051795	1595322062	5258122
39	1261047310	1595321985	5258122
38	1217676973	1593752325	5258122
37	1217675759	1593752297	5258122
36	1084206402	1588334406	5258122
35	1084206388	1588334346	5258122
34	977621449	1572840650	5258122
33	977621434	1572840535	5258122
32	971649521	1572191194	5258122
31	970235187	1571606658	4584404
30	970235179	1571606636	4584404
29	970235168	1571606591	4584404
28	970235100	1571606520	5258122
27	970235093	1571606505	5258122
26	970235089	1571606478	5258122
25	970235067	1571606381	5258122
24	970234847	1571605790	4584404
23	970234773	1571605552	4584404
22	970234770	1571605518	4584404
21	970234759	1571605464	4584404
20	970234632	1571604982	4584404
19	970234432	1571604667	5258122
18	970234409	1571604574	5258122
17	970234406	1571604555	5258122
16	970234401	1571604535	5258122
15	970234371	1571604433	5258122
14	970234342	1571604360	5258122
13	970234279	1571604316	5258122
12	970234268	1571604276	5258122
11	970234257	1571604234	5258122
10	970234165	1571604099	5258122
9	970234107	1571603817	5258122
8	970232685	1571597984	5258122
7	970232618	1571597890	5258122
6	970231218	1571592959	5258122
5	970231207	1571592926	5258122
4	970231130	1571592612	5258122
3	970231115	1571592542	5258122
2	970231110	1571592520	5258122
1	970231105	1571592499	5258122
0	970219887	1571545492	5258122
