slug: rpc-323
title: "RPC-323"
tags: ["alpha", "destabilization-hazard", "ideological-hazard", "mechanical-hazard", "mind-control-hazard", "mind-regression-hazard", "orange", "rpc", "sentient-hazard", "transmutation-hazard"]
10	1544792102	1782102471	7013424
9	1496485935	1665954552	5982545
8	1358645703	1608760815	5982545
7	986275894	1574357512	5640120
6	978917681	1573046192	5640120
5	971599901	1572019003	5241977
4	971580610	1571963908	5640120
3	970318007	1571764167	4315330
2	970312589	1571754954	5640120
1	970285868	1571752428	5640120
0	970263390	1571706299	5640120
