slug: lazar01
title: "Lazar's Sandbox"
tags: []
103	1541811343	1770382859	4632971
102	1541811314	1770382789	4632971
101	1541672462	1769763740	4632971
100	1541183761	1767102889	4632971
99	1541183734	1767102670	4632971
98	1541183592	1767101697	4632971
97	1541183393	1767100682	4632971
96	1541181580	1767095511	4632971
95	1541181269	1767093297	4632971
94	1540223729	1764846760	4632971
93	1540209090	1764816349	4632971
92	1540209044	1764816230	4632971
91	1540208379	1764814683	4632971
90	1540205847	1764809364	4632971
89	1539459398	1763118829	4632971
88	1539407191	1763059886	4632971
87	1539406843	1763059561	4632971
86	1539405778	1763058761	4632971
85	1539379227	1763041429	4632971
84	1539378673	1763041117	4632971
83	1539378046	1763040733	4632971
82	1539377706	1763040459	4632971
81	1539374798	1763038770	4632971
80	1539372641	1763037652	4632971
79	1539372565	1763037617	4632971
78	1539372143	1763037471	4632971
77	1539372137	1763037454	4632971
76	1538732653	1762392413	4632971
75	1538727038	1762391631	4632971
74	1538726387	1762391551	4632971
73	1538710740	1762389202	4632971
72	1535153042	1761748238	4632971
71	1534969855	1761732836	4632971
70	1533835599	1761532307	4632971
69	1533835472	1761532265	4632971
68	1533811561	1761524114	4632971
67	1533810216	1761523665	4632971
66	1533809705	1761523487	4632971
65	1533808961	1761523253	4632971
64	1533807231	1761522661	4632971
63	1533805578	1761522111	4632971
62	1533805251	1761522001	4632971
61	1533804833	1761521859	4632971
60	1533804333	1761521691	4632971
59	1533804216	1761521653	4632971
58	1533804074	1761521606	4632971
57	1533803485	1761521431	4632971
56	1533803125	1761521331	4632971
55	1533799539	1761520348	4632971
54	1533799387	1761520306	4632971
53	1533785999	1761516633	4632971
52	1533375915	1761412453	4632971
51	1533196156	1761323603	4632971
50	1533195984	1761323087	4632971
49	1533195959	1761323012	4632971
48	1533195871	1761322639	4632971
47	1533195857	1761322556	4632971
46	1533195793	1761322292	4632971
45	1533195516	1761321375	4632971
44	1533194925	1761319122	4632971
43	1533194893	1761319001	4632971
42	1533194505	1761317588	4632971
41	1533194481	1761317468	4632971
40	1533193907	1761315512	4632971
39	1533185251	1761271116	4632971
38	1533185169	1761270646	4632971
37	1533184902	1761268969	4632971
36	1533159758	1761140618	4632971
35	1533159743	1761140524	4632971
34	1533159661	1761140144	4632971
33	1533159626	1761139976	4632971
32	1533158833	1761136599	4632971
31	1533158380	1761133924	4632971
30	1533116053	1760908583	4632971
29	1533116018	1760908401	4632971
28	1533098846	1760837267	4632971
27	1533098824	1760837119	4632971
26	1533098804	1760836992	4632971
25	1533097857	1760833330	4632971
24	1533097799	1760832869	4632971
23	1533097774	1760832678	4632971
22	1533097762	1760832595	4632971
21	1533095995	1760827898	4632971
20	1533095853	1760827615	4632971
19	1533094942	1760823416	4632971
18	1533094662	1760820861	4632971
17	1533084398	1760783654	4632971
16	1533084395	1760783633	4632971
15	1533084328	1760783251	4632971
14	1533084302	1760783154	4632971
13	1533084198	1760782956	4632971
12	1533084190	1760782921	4632971
11	1533084078	1760782457	4632971
10	1533083835	1760781645	4632971
9	1533082717	1760777232	4632971
8	1515314728	1698189775	4632971
7	1514890448	1697202088	4632971
6	1514864601	1697120627	4632971
5	1514863929	1697117843	4632971
4	1514862423	1697112633	4632971
3	1514862417	1697112589	4632971
2	1514860968	1697105839	4632971
1	1514860494	1697103384	4632971
0	1514117898	1695337357	4632971
