slug: rpc-016
title: "RPC-016"
tags: ["alpha", "ballistic-hazard", "contact-hazard", "rpc", "translated", "transmutation-hazard", "white"]
55	1544790986	1782094738	7013424
54	1528135327	1740780000	9487909
53	1474915646	1656712285	3672751
52	1379276813	1631247785	7287895
51	1356108678	1601151037	5689914
50	1355757601	1600176750	6264298
49	1215189744	1593341814	6264298
48	1072984987	1585969333	2944267
47	1047087598	1582957782	3952836
46	1047087033	1582956646	6129319
45	986409523	1574588953	5293995
44	951547114	1568862228	3638389
43	951294522	1568825860	3638389
42	946001272	1568160701	3952836
41	896336374	1564585721	5216375
40	802060506	1556155862	4142604
39	802060362	1556155590	4142604
38	802060204	1556155234	4142604
37	682179667	1552402254	4583766
36	648026193	1550532395	2280149
35	525793380	1545093106	3638389
34	357743970	1541639090	2773416
33	354277190	1541558277	2773416
32	212402931	1539746357	4695861
31	168585817	1539055381	3952836
30	167259023	1539019650	2947029
29	164378715	1538956456	4279706
28	146718217	1535840733	4293284
27	146708902	1535825054	2773416
26	135697649	1532894108	3099812
25	135697531	1532894092	3099812
24	133790776	1532300307	4365296
23	133366093	1532022848	3992967
22	133366072	1532022784	3992967
21	132599451	1531610262	4142604
20	131083297	1530899181	3995018
19	131080895	1530897515	3765552
18	127775218	1529804735	4142604
17	127775025	1529804646	4142604
16	127761542	1529796733	4142604
15	127706309	1529779049	4142604
14	127705039	1529778792	4142604
13	127694317	1529776744	4142604
12	127597346	1529726962	4142604
11	127549334	1529697040	4142604
10	127293747	1529630611	4142604
9	127286728	1529628060	4271216
8	127264652	1529622391	4142604
7	127139036	1529599451	4142604
6	127137194	1529599195	4142604
5	126816395	1529548366	4142604
4	126814600	1529547257	2773416
3	126812091	1529546086	4142604
2	126806351	1529544006	4142604
1	126804024	1529543157	4142604
0	126803257	1529542869	4142604
