slug: 032
title: "032 - Аморф невидимости"
tags: ["исследуется", "неизучен", "сюжетный"]
34	1512475948	1690225131	6800964
33	1495309866	1662845351	6800964
32	1495309568	1662844002	6800964
31	1460777527	1651514207	6800964
30	1460744393	1651420674	6800964
29	1388988201	1645352497	6800964
28	1388690561	1644254308	6800964
27	1388081574	1641467921	6800964
26	1387998081	1641316043	6800964
25	1387997868	1641315045	6800964
24	1387981640	1641211098	6800964
23	1387882908	1640616796	6800964
22	1387856483	1640448315	6800964
21	1387800597	1640172126	754405
20	1387456510	1639297383	6800964
19	1387449155	1639253932	6800964
18	1387424083	1639153507	6800964
17	1387424051	1639153289	6800964
16	1387423833	1639152117	6800964
15	1387423828	1639152104	6800964
14	1387421295	1639142187	6800964
13	1387391963	1639077643	6800964
12	1387391295	1639072258	6800964
11	1387391243	1639071814	6800964
10	1387374985	1638984379	6800964
9	1387374969	1638984252	6800964
8	1387346916	1638904551	6800964
7	1387346487	1638902765	6800964
6	1387325589	1638804851	6800964
5	1387313169	1638737367	6800964
4	1387294653	1638640380	6800964
3	1387259668	1638470247	6800964
2	1386010052	1635679753	6800964
1	1385994507	1635610886	6800964
0	1385994456	1635610691	6800964
