slug: rpc-607
title: "RPC-607"
tags: ["contact-hazard", "electromagnetic-force-hazard", "explosive-hazard", "extreme-temperature-hazard", "gamma", "mincon2023", "radiation-hazard", "red", "rpc", "titanic-hazard", "translated"]
10	1540609263	1765681345	9487909
9	1540609260	1765681328	9487909
8	1511947440	1688582854	3050074
7	1509307065	1680845695	3050074
6	1508006340	1677207230	7287895
5	1507739030	1676569123	3512728
4	1507732814	1676549233	4981794
3	1507729050	1676535212	4981794
2	1507717803	1676482167	3512728
1	1507717790	1676482076	3512728
0	1507717330	1676480418	3512728
