slug: rpc-700
title: "RPC-700"
tags: ["aggression-hazard", "alpha", "beta", "grouped-hazard", "immeasurable-hazard", "info-hazard", "orange", "remake", "rpc", "sensory-hazard", "translated", "yellow"]
10	1525967107	1732488194	5982545
9	1512824410	1691455759	4981794
8	1508409763	1678490978	6371726
7	1508409761	1678490958	6371726
6	1508409759	1678490950	6371726
5	1507945213	1676945912	3099812
4	1507944768	1676943647	3099812
3	1507935022	1676902996	5982545
2	1507935018	1676902987	5982545
1	1507859511	1676871618	3099812
0	1507859493	1676871513	3099812
