slug: rpc-996
title: "RPC-996"
tags: ["alpha", "auditory-hazard", "contact-hazard", "rpc", "top10", "translated", "yellow"]
54	1355916800	1600497510	6264298
53	1215185614	1593323097	6264298
52	1048148233	1583621651	3952836
51	933696313	1567560056	3118961
50	927464693	1567429514	4320656
49	847068305	1558468281	3118961
48	847068298	1558468254	3118961
47	683123262	1552695906	3952836
46	683123258	1552695893	3952836
45	641711331	1549717205	4981794
44	213253119	1539801816	3952836
43	213097270	1539798454	4695861
42	167228933	1539019011	2947029
41	167228927	1539018999	2947029
40	167228926	1539018999	2947029
39	164933729	1538970007	2976054
38	164229117	1538953338	2976054
37	146924300	1536067575	2773416
36	146924291	1536067564	2773416
35	146924272	1536067475	2773416
34	146909440	1536030336	4267177
33	146909434	1536030315	4267177
32	146909364	1536030031	4267177
31	146909347	1536029988	4267177
30	146707164	1535824704	2773416
29	140957309	1534186732	3349606
28	136543331	1533195567	4291358
27	136056571	1533045610	4240294
26	136056559	1533045596	4240294
25	136056406	1533045466	4240294
24	136034006	1533023082	2773416
23	136033951	1533023044	2773416
22	133991511	1532379988	4393497
21	133608732	1532197101	4240294
20	133608728	1532197094	4240294
19	133498183	1532150471	2773416
18	133498030	1532150454	2773416
17	133498028	1532150443	2773416
16	133498018	1532150426	2773416
15	133496836	1532150068	2773416
14	133365060	1532020892	3992967
13	131082754	1530898764	3995018
12	131080786	1530897445	3765552
11	129733662	1530416002	2906223
10	129731331	1530415333	2906223
9	129628674	1530369671	3720640
8	129453518	1530338663	2012691
7	129452885	1530338558	2012691
6	128281197	1530018747	4291358
5	128168531	1529978776	4291358
4	128086239	1529931267	2773416
3	128085861	1529931161	2773416
2	128085858	1529931152	2773416
1	128080812	1529929320	4291358
0	128079825	1529929071	4291358
