slug: rpc-036
title: "RPC-036"
tags: ["beta", "grouped-hazard", "mind-regression-hazard", "orange", "organic-hazard", "rpc", "sensory-hazard", "sentient-hazard", "translated"]
19	1528526859	1742387033	9487909
18	1528526855	1742387015	9487909
17	1506657856	1674173524	5982545
16	1506613041	1674006523	8310653
15	1366490458	1623814976	3672751
14	1033408328	1577057378	3638389
13	1033408319	1577057343	3638389
12	700442552	1553631902	4548098
11	700441300	1553631743	4548098
10	681250246	1552236008	3638389
9	681243027	1552211162	3646714
8	590959812	1547402092	3167282
7	538964961	1545952520	3638389
6	538964922	1545952456	3638389
5	525882402	1545113339	3722979
4	525882251	1545113301	3722979
3	418234930	1542856278	2773416
2	402499558	1542474637	3207272
1	401300873	1542434874	3638389
0	401283938	1542415447	3207272
