slug: the-beast-when-there-are-no-nations
title: "The Beast When There Are No Nations"
tags: ["alt-timeline", "co-authored", "eoi-tale", "military", "remnants", "short", "tale", "top10", "translated"]
21	1530841450	1751765305	5982545
20	1509289926	1680743307	3050074
19	1388575854	1643943639	7271260
18	1388575658	1643942206	7271260
17	1388124813	1641702016	7271260
16	1365907653	1621977398	5689914
15	1365907645	1621977380	5689914
14	1073015352	1586071656	2134920
13	1048443147	1584174935	4981794
12	1048438703	1584163984	6209186
11	933467843	1567557036	3118961
10	801931830	1555953760	3118961
9	801931792	1555953634	3118961
8	801926755	1555943719	3118961
7	801926593	1555943102	3118961
6	718911976	1554386658	3952836
5	718466055	1554317047	4548098
4	718466020	1554317026	4548098
3	716733700	1554129131	1959500
2	716728655	1554129059	1959500
1	716726415	1554129028	1959500
0	716156697	1554113071	1959500
