slug: administration-hub
title: "Administration Hub"
tags: ["hub", "lore"]
62	1543047422	1775025064	4330657
61	1523254104	1722111872	5982545
60	1523253200	1722105651	3638389
59	1497257380	1667927730	4584404
58	1366998836	1626146435	5293995
57	1365908469	1621980925	3118961
56	1365908408	1621980757	3970162
55	1365908405	1621980735	3970162
54	1360549737	1615772259	3118961
53	1360549694	1615772153	4584404
52	1360549289	1615769328	4584404
51	1360549277	1615769262	4584404
50	1360549181	1615768467	4584404
49	1360549166	1615768371	4584404
48	1360549157	1615768310	4584404
47	1357761737	1605919193	3118961
46	1288977906	1595796175	3118961
45	1073642490	1587010261	2944267
44	1047087482	1582957537	4981794
43	1047087287	1582957167	6129319
42	1033108584	1576631760	4584404
41	986467514	1574801316	4584404
40	985904167	1574126485	4584404
39	985904016	1574125498	4584404
38	971677203	1572313454	4584404
37	965925526	1571013239	5258122
36	965144105	1570580190	4584404
35	965129796	1570577078	4584404
34	965129792	1570577063	4584404
33	965129721	1570576916	4584404
32	965129644	1570576556	4584404
31	965129604	1570576509	4584404
30	965129600	1570576457	4584404
29	965129593	1570576405	4584404
28	965129437	1570576046	4584404
27	965129433	1570576012	4584404
26	965129430	1570575995	4584404
25	965129363	1570575911	4584404
24	964572672	1570526709	4584404
23	964572667	1570526666	4584404
22	964572628	1570526628	4584404
21	964325462	1570504942	4584404
20	964325455	1570504900	4584404
19	964226614	1570499638	4584404
18	964219950	1570499471	4584404
17	956913563	1569270065	4584404
16	950175921	1568689570	5258122
15	950175696	1568688903	5258122
14	950175560	1568688632	5258122
13	950174107	1568684959	4584404
12	950174032	1568684815	4584404
11	950173843	1568684209	4584404
10	950173710	1568683824	4584404
9	950173674	1568683731	4584404
8	950173673	1568683721	4584404
7	950173614	1568683539	4584404
6	950173460	1568682850	4584404
5	950173408	1568682676	4584404
4	930803165	1567496868	4584404
3	905506601	1566595150	3118961
2	900909014	1565305620	4584404
1	892562269	1563337555	4584404
0	892561266	1563332923	3970162
