slug: rpc-180
title: "RPC-180"
tags: ["alpha", "contact-hazard", "ideological-hazard", "orange", "rpc"]
18	1033341941	1576865600	3992967
17	1033341935	1576865592	3992967
16	800744229	1555910893	3638389
15	800743118	1555910868	3638389
14	800734056	1555910727	3638389
13	800718497	1555910506	3638389
12	682182982	1552412323	4583766
11	364154748	1541740931	3970162
10	204039567	1539444733	3992967
9	164359265	1538956014	3646714
8	147874753	1537316162	2773416
7	147817253	1537177184	3992967
6	147816973	1537176509	3992967
5	147816968	1537176496	3992967
4	147816919	1537176358	3992967
3	147816909	1537176316	3992967
2	147816904	1537176281	3992967
1	147816896	1537176264	3992967
0	147816876	1537176229	3992967
