slug: component:containment-theme
title: "Containment Theme"
tags: ["theme"]
123	1359929756	1613525705	5258122
122	1359890586	1613442311	5258122
121	1359890581	1613442235	5258122
120	1359890201	1613440349	5258122
119	1359889804	1613438883	5258122
118	1359889783	1613438750	5258122
117	1359889650	1613438239	5258122
116	1359889620	1613438034	5258122
115	1357780778	1606001141	3478027
114	1357780775	1606001116	3478027
113	1357763673	1605926695	3478027
112	1357763671	1605926670	3478027
111	1357763659	1605926618	3478027
110	1046251478	1582412818	3118961
109	1034417441	1580429059	3118961
108	1034417432	1580429039	3118961
107	1034110396	1579751202	3118961
106	1033395074	1577029335	3118961
105	971686785	1572345044	2776183
104	949494511	1568569254	3118961
103	905501910	1566594853	3118961
102	904427646	1565979726	3118961
101	904427363	1565979455	3118961
100	882205397	1562796786	3478027
99	882185848	1562796544	3478027
98	882169393	1562796339	3478027
97	683466374	1553036438	3970162
96	683466353	1553036415	3970162
95	683459959	1553023056	2241229
94	682664745	1552523066	3118961
93	682664714	1552522974	3118961
92	659032242	1551589027	3118961
91	659027608	1551588978	3118961
90	658994804	1551588630	3118961
89	658986599	1551588511	3118961
88	658978999	1551588436	3118961
87	658974126	1551588368	3118961
86	658961464	1551588219	3118961
85	658959046	1551588185	3118961
84	658941925	1551587956	3970162
83	658940165	1551587936	3970162
82	658939265	1551587926	3970162
81	641552376	1549398111	2241229
80	641552001	1549397254	2241229
79	518817218	1544745525	2241229
78	518814054	1544744359	2773416
77	370963914	1541892319	3207272
76	209101082	1539494619	3207272
75	197727974	1539397001	3207272
74	185495880	1539289677	3207272
73	175985558	1539210291	3207272
72	149025105	1538178836	3207272
71	149024940	1538178743	3207272
70	149024802	1538178688	3207272
69	149024650	1538178608	3207272
68	149024442	1538178555	3207272
67	149024405	1538178530	3207272
66	149024399	1538178511	3207272
65	149024095	1538178442	3207272
64	149024087	1538178419	3207272
63	149024081	1538178398	3207272
62	149024005	1538178381	3207272
61	149023979	1538178356	3207272
60	149023884	1538178331	3207272
59	149023853	1538178293	3207272
58	149023804	1538178259	3207272
57	149023662	1538178215	3207272
56	149023616	1538178173	3207272
55	149023516	1538178125	3207272
54	149023300	1538178084	3207272
53	149023209	1538178015	3207272
52	149023192	1538177999	3207272
51	149023188	1538177973	3207272
50	149023046	1538177931	3207272
49	149022999	1538177902	3207272
48	149022967	1538177870	3207272
47	149022898	1538177814	3207272
46	149022832	1538177775	3207272
45	149022758	1538177753	3207272
44	149022451	1538177597	3207272
43	149022340	1538177537	3207272
42	149022315	1538177490	3207272
41	149022096	1538177419	3207272
40	149021977	1538177369	3207272
39	148814297	1538088978	3207272
38	148814235	1538088936	3207272
37	148813138	1538088472	3207272
36	148813075	1538088442	3207272
35	148813021	1538088411	3207272
34	148812894	1538088398	3207272
33	148017910	1537581942	3207272
32	147836096	1537227748	3207272
31	147836068	1537227694	3207272
30	147836045	1537227611	3207272
29	147836030	1537227591	3207272
28	147835984	1537227552	3207272
27	147835973	1537227515	3207272
26	147835969	1537227497	3207272
25	147835102	1537224920	3207272
24	147835097	1537224895	3207272
23	147832696	1537217805	3207272
22	147832412	1537217176	3207272
21	147832390	1537217072	3207272
20	147832358	1537216977	3207272
19	147832085	1537216095	3207272
18	147832026	1537215960	3207272
17	147831755	1537215304	3207272
16	147830686	1537212132	3207272
15	147830675	1537212109	3207272
14	147830667	1537212066	3207272
13	147830641	1537212003	3207272
12	147830598	1537211830	3207272
11	147830540	1537211632	3207272
10	147830507	1537211528	3207272
9	147830338	1537211013	3207272
8	147830299	1537210927	3207272
7	147830002	1537210178	3207272
6	147829992	1537210125	3207272
5	147829981	1537210098	3207272
4	147829919	1537209904	3207272
3	147828526	1537206433	3207272
2	147828485	1537206322	3207272
1	147828424	1537206117	3207272
0	147828114	1537205340	3207272
