slug: component:research-theme
title: "Research Theme"
tags: ["theme"]
124	1461041503	1652423014	7271260
123	1360009190	1613868512	3118961
122	1360009188	1613868501	3118961
121	1360006056	1613851803	3118961
120	1360006049	1613851790	3118961
119	1360006046	1613851760	3118961
118	1360005641	1613849762	3118961
117	1360005629	1613849669	3118961
116	1359929360	1613523511	5258122
115	1359890568	1613442153	5258122
114	1359890462	1613441754	5258122
113	1359890390	1613441458	5258122
112	1359890129	1613440162	5258122
111	1359389040	1611509575	3478027
110	1359310563	1611190103	3478027
109	1359310508	1611189893	3478027
108	1359310498	1611189828	3478027
107	1357780788	1606001187	3478027
106	1357780783	1606001165	3478027
105	1357763697	1605926828	3478027
104	1357763686	1605926768	3478027
103	1046245385	1582412723	3118961
102	1034417524	1580429249	3118961
101	1033464419	1577286531	2776183
100	1033394696	1577028643	3118961
99	1033394294	1577027925	3118961
98	1033394174	1577027687	3118961
97	1033382890	1576987017	3118961
96	1033382878	1576986780	3118961
95	1033382823	1576986529	3118961
94	1033382813	1576986457	3118961
93	971686779	1572345025	2776183
92	971686774	1572344991	2776183
91	971686772	1572344976	2776183
90	949491517	1568568935	3118961
89	949490470	1568568843	3118961
88	949489750	1568568763	3118961
87	949488817	1568568538	3118961
86	949488785	1568568449	3118961
85	949488618	1568568291	3118961
84	949488481	1568568009	3118961
83	949488342	1568567812	3118961
82	949478341	1568566768	3118961
81	905503275	1566594985	3118961
80	904428034	1565980111	3118961
79	904427283	1565979374	3118961
78	892813490	1563896346	3952836
77	892813485	1563896300	3952836
76	688646277	1553390630	3118961
75	688624480	1553389900	2241229
74	688624344	1553389828	2241229
73	688624330	1553389799	2241229
72	688624262	1553389781	2241229
71	688611038	1553389060	2241229
70	688606944	1553388843	2241229
69	688601434	1553388671	2241229
68	683702677	1553196972	2241229
67	683702670	1553196938	2241229
66	683460767	1553024380	2241229
65	683460619	1553024240	2241229
64	683460573	1553024180	2241229
63	683460551	1553024145	2241229
62	683460524	1553024096	2241229
61	683385241	1552976226	3970162
60	682661331	1552512026	3970162
59	641833846	1550069051	2241229
58	641833841	1550069039	2241229
57	641552353	1549397972	2241229
56	641552004	1549397267	2241229
55	535489587	1545443881	2241229
54	535488520	1545443677	2241229
53	518816675	1544745337	2241229
52	518816634	1544745316	2241229
51	518816250	1544745197	2241229
50	518814797	1544744633	2773416
49	518814603	1544744557	2773416
48	518814432	1544744498	2773416
47	518814013	1544744329	2773416
46	387337975	1542238259	3625466
45	370957381	1541892241	3207272
44	370500646	1541888191	3207272
43	235037257	1540079783	3207272
42	209088765	1539494517	3207272
41	209086198	1539494490	3207272
40	209083471	1539494465	3207272
39	209071608	1539494388	3207272
38	209067495	1539494357	3207272
37	209063952	1539494319	3207272
36	209056873	1539494268	3207272
35	197692337	1539396744	3207272
34	185493115	1539289659	3207272
33	175965247	1539210106	3207272
32	175962994	1539210073	3207272
31	175954748	1539210018	3207272
30	175945637	1539209941	3207272
29	175940248	1539209894	3207272
28	175933692	1539209844	3207272
27	175923708	1539209766	3207272
26	149026247	1538179308	3207272
25	149026000	1538179197	3207272
24	148812579	1538088312	3207272
23	148810252	1538087470	3207272
22	148810213	1538087437	3207272
21	148809927	1538087242	3207272
20	148809854	1538087219	3207272
19	148809789	1538087203	3207272
18	148809743	1538087183	3207272
17	148017929	1537582041	3207272
16	147851127	1537269254	3207272
15	147838165	1537233511	3207272
14	147838075	1537233199	3207272
13	147838048	1537233104	3207272
12	147838001	1537232944	3207272
11	147837876	1537232740	3207272
10	147837837	1537232585	3207272
9	147837803	1537232508	3207272
8	147837787	1537232459	3207272
7	147837761	1537232389	3207272
6	147837744	1537232320	3207272
5	147837713	1537232246	3207272
4	147837684	1537232132	3207272
3	147837634	1537231990	3207272
2	147837630	1537231982	3207272
1	147837626	1537231975	3207272
0	147837618	1537231953	3207272
