slug: rpc-650
title: "RPC-650"
tags: ["aggression-hazard", "animated-hazard", "beta", "orange", "rpc", "sapient-hazard", "translated"]
62	1496163776	1665169215	6371726
61	1496163774	1665169204	6371726
60	1495659068	1663793548	6371726
59	1073626187	1587002349	2944267
58	1034004987	1579410498	2976054
57	1034004981	1579410476	2976054
56	1034004979	1579410465	2976054
55	1034004936	1579410365	2976054
54	1034004866	1579410147	2976054
53	1034004865	1579410142	2976054
52	1034004850	1579410067	2976054
51	1034004845	1579410031	2976054
50	1034004844	1579410015	2976054
49	966060202	1571297474	2976054
48	966060196	1571297462	2976054
47	966060163	1571297369	2976054
46	966060106	1571297306	2976054
45	700801080	1553642232	3952836
44	643756218	1550355641	2976054
43	556350668	1546420390	2976054
42	430151731	1543356922	2976054
41	371990867	1541918088	2976054
40	371990863	1541918074	2976054
39	371990860	1541918052	2976054
38	234489666	1540075592	3638389
37	234486621	1540075574	3638389
36	219278789	1539922572	2976054
35	213318346	1539804832	3952836
34	204676706	1539451641	2976054
33	167927069	1539035199	3952836
32	166869110	1539011721	2947029
31	164767829	1538965932	2773416
30	164484889	1538958959	2976054
29	164166600	1538952091	2976054
28	164115596	1538950903	2976054
27	163414999	1538934775	2976054
26	148173657	1537678238	2976054
25	146717033	1535837020	2773416
24	135696634	1532893906	3695517
23	135458159	1532811751	2976054
22	134283234	1532473134	2976054
21	134282954	1532473047	2976054
20	134282899	1532473020	2976054
19	134282120	1532472825	2976054
18	134282069	1532472744	2976054
17	133640494	1532213961	2976054
16	133633444	1532210491	2976054
15	133633440	1532210482	2976054
14	133047715	1531857602	2976054
13	132550929	1531594676	2976054
12	132550894	1531594660	2976054
11	132550837	1531594625	2976054
10	132403923	1531546635	3646714
9	131301914	1531132746	2976054
8	131301906	1531132685	2976054
7	131300039	1531127913	2976054
6	131299998	1531127858	2976054
5	131267561	1531097495	2976054
4	131265760	1531090491	2976054
3	131265711	1531090200	2976054
2	131265707	1531090174	2976054
1	131265699	1531090114	2976054
0	131265697	1531090093	2976054
