slug: rpc-041
title: "RPC-041"
tags: ["gamma", "geological-hazard", "grouped-hazard", "ideological-hazard", "pcaao", "rpc", "sensory-hazard", "translated", "tychokinetic-hazard", "yellow"]
39	1528565369	1742611251	9487909
38	1506657860	1674173558	5982545
37	1506630861	1674068694	8310653
36	1388867512	1644887288	7287895
35	1356795090	1602867018	5716946
34	1356109119	1601153648	5689914
33	1356108713	1601151224	5689914
32	1073010225	1586043985	3638389
31	1073010222	1586043950	3638389
30	897909360	1564705675	3118961
29	856166800	1560886086	3638389
28	662872366	1551660750	4981794
27	662870931	1551660719	4981794
26	641357344	1548915781	4981794
25	539034884	1546055405	3638389
24	539034872	1546055388	3638389
23	367007309	1541805595	3952836
22	213476718	1539809154	3952836
21	212403188	1539746789	4695861
20	168224602	1539044618	3952836
19	167194540	1539018376	2947029
18	166893451	1539012278	2947029
17	164580733	1538961159	3646714
16	164328993	1538955290	4105536
15	146710434	1535825368	2773416
14	142310981	1534508400	4297718
13	142310633	1534508325	4297718
12	135689050	1532892421	3099812
11	135688384	1532892307	3099812
10	135687249	1532892084	3099812
9	135687141	1532892053	3099812
8	135686462	1532891955	3625466
7	134603023	1532571888	2773416
6	133368588	1532027948	3803946
5	133211149	1531949011	3638389
4	131267776	1531098601	3030872
3	131267725	1531098191	3030872
2	131267724	1531098164	3030872
1	131267674	1531098011	3030872
0	131267668	1531097975	3030872
