slug: rpc-198
title: "RPC-198"
tags: ["alpha", "explosive-hazard", "extreme-temperature-hazard", "rpc", "yellow"]
15	1519490889	1712571370	6371726
14	1512440644	1690072136	5982545
13	1084554705	1588875612	1315056
12	847183570	1558713515	3638389
11	847183562	1558713474	3638389
10	367006080	1541803159	3952836
9	164514117	1538959721	3646714
8	146716298	1535834693	2773416
7	137611129	1533500157	3638389
6	130012832	1530507039	1875764
5	129536941	1530353971	4270931
4	129248160	1530285894	2773416
3	129243863	1530284270	4270931
2	129243768	1530284220	4270931
1	129243578	1530284150	4270931
0	129243463	1530284119	4270931
