slug: rpc-915
title: "RPC-915"
tags: ["animated-hazard", "beta", "gard", "orange", "regenerative-hazard", "rpc", "sapient-hazard"]
17	1513109028	1692471800	3050074
16	1388436354	1643254965	7271260
15	1215178552	1593283762	4315330
14	1130531147	1590372027	3638389
13	1048421291	1584121683	4315330
12	1034179104	1579987264	3118961
11	986418180	1574651798	5293995
10	946067478	1568166631	4365296
9	923281554	1567344721	4315330
8	906543500	1566769636	4315330
7	906543498	1566769612	4315330
6	906543474	1566769482	4315330
5	906541068	1566758688	4315330
4	906541056	1566758624	4315330
3	906540925	1566757938	5017664
2	906540911	1566757899	5017664
1	906540907	1566757880	5017664
0	906539850	1566755237	4315330
