slug: rpc-382
title: "RPC-382"
tags: ["aggression-hazard", "beta", "grouped-hazard", "organic-hazard", "purple", "rpc", "sentient-hazard", "toxic-hazard"]
29	1480047914	1660595345	8167584
28	1226255068	1594506008	3672751
27	1073213130	1586661527	3638389
26	1073213124	1586661514	3638389
25	1034012556	1579442518	5265843
24	949067177	1568508565	4583766
23	949067174	1568508530	4583766
22	880426112	1562258616	3638389
21	880426105	1562258575	3638389
20	701046297	1553725555	3646714
19	641395961	1549006776	2776183
18	213279797	1539803911	3952836
17	213279265	1539803901	3952836
16	167899157	1539034132	4105536
15	164749200	1538965327	2976054
14	163619759	1538939507	2776183
13	148459328	1537857365	2776183
12	148062543	1537610871	2776183
11	148012190	1537573239	2776183
10	146716718	1535835873	2773416
9	137601149	1533498625	3638389
8	131777927	1531365444	2773416
7	131777925	1531365437	2773416
6	131415548	1531198376	2776183
5	131301642	1531132309	2776183
4	131298030	1531124922	2776183
3	131297984	1531124886	2776183
2	131297845	1531124732	2776183
1	131297612	1531124511	2776183
0	131297585	1531124482	2776183
