slug: acquired-media:p-111
title: "P-111"
tags: ["acquired-media", "document", "photograph"]
21	1521425751	1720186925	5982545
20	1084218335	1588362641	2200357
19	1084218314	1588362609	2200357
18	1084218293	1588362580	2200357
17	1075274613	1587831403	3118961
16	1048443493	1584176312	4981794
15	1048437615	1584161431	6209186
14	1034681439	1581271780	3118961
13	1034681422	1581271725	3118961
12	1034681417	1581271708	3118961
11	1034681403	1581271678	3118961
10	1034681177	1581270755	3118961
9	846917140	1558306121	2200357
8	846917074	1558305901	2200357
7	846917055	1558305859	2200357
6	846917032	1558305845	2200357
5	846916946	1558305726	2200357
4	846916465	1558305093	2200357
3	846916459	1558305080	2200357
2	846916442	1558305051	2200357
1	846916437	1558305039	2200357
0	846916409	1558304997	2200357
