slug: component:amazingco-theme
title: "Amazingco Theme"
tags: ["theme"]
40	1542762025	1773791252	5258122
39	1542762021	1773791164	5258122
38	1542762019	1773791155	5258122
37	1542762014	1773791079	5258122
36	1542762013	1773791071	5258122
35	1542762012	1773791051	5258122
34	1542762010	1773791046	5258122
33	1542762009	1773791037	5258122
32	1542762005	1773791001	5258122
31	1542762004	1773790997	5258122
30	1542761997	1773790920	5258122
29	1523154789	1721594119	5982545
28	1218904212	1593857647	3625466
27	724853542	1554829335	3118961
26	724843892	1554828983	3970162
25	724826106	1554828465	3970162
24	724824478	1554828431	3970162
23	724810884	1554827956	3970162
22	724808850	1554827854	3970162
21	724806233	1554827786	3970162
20	710488188	1553884370	3970162
19	710488126	1553884353	3970162
18	710488107	1553884292	3970162
17	710488098	1553884264	3970162
16	710488094	1553884253	3970162
15	710488088	1553884228	3970162
14	683396992	1552982090	3970162
13	683396234	1552981745	3970162
12	683395602	1552981468	3970162
11	683385632	1552976429	4558857
10	683385314	1552976282	3970162
9	683385244	1552976240	3970162
8	683385192	1552976156	3970162
7	683385190	1552976149	3970162
6	683385183	1552976124	3970162
5	683385114	1552976023	3970162
4	683384901	1552975859	3970162
3	683384872	1552975845	3970162
2	683384854	1552975832	3970162
1	538095993	1545577704	3118961
0	538095979	1545577666	3118961
