slug: rpc-156
title: "RPC-156"
tags: ["alpha", "non-hazardous", "rpc", "translated", "white"]
17	1532481317	1758851603	4735939
16	1505542966	1672359698	8388846
15	1355916623	1600496957	6264298
14	1073240825	1586714036	3638389
13	1073240822	1586714024	3638389
12	935162219	1567603070	3118961
11	888225447	1562955133	4583766
10	888225443	1562955119	4583766
9	865375988	1561250491	1315056
8	720203709	1554710978	3638389
7	720201065	1554710903	3638389
6	681261310	1552267204	4735939
5	538893141	1545885927	4735939
4	538893084	1545885840	4735939
3	538880410	1545849204	2773416
2	538324011	1545698387	3638389
1	538113080	1545634523	3638389
0	538105542	1545612824	4735939
