slug: component:rcpa-theme
title: "RCPA Theme"
tags: ["theme"]
72	1523155248	1721597165	5982545
71	1523155229	1721596907	5982545
70	1256137056	1595199782	3118961
69	1256055149	1595197709	3118961
68	1256047517	1595197593	3118961
67	1256037180	1595197444	3118961
66	1256031665	1595197232	3118961
65	1256025984	1595197060	3118961
64	1255974285	1595196507	3118961
63	1255967918	1595196369	3118961
62	1255965543	1595196273	3118961
61	1255926823	1595195430	3118961
60	1244765966	1594994306	3118961
59	1244187730	1594944884	3118961
58	1232126417	1594593525	3118961
57	1232036122	1594592064	3118961
56	1232028630	1594591991	3118961
55	1050604008	1584297421	3118961
54	1048200241	1583780191	3118961
53	1048200230	1583780176	3118961
52	1047550659	1583085919	3118961
51	1046915296	1582601026	3118961
50	1035435810	1581862763	3118961
49	1035435805	1581862752	3118961
48	1035417328	1581792035	3118961
47	1035417314	1581791987	3118961
46	1035417285	1581791776	3118961
45	1035417274	1581791651	3118961
44	1035413514	1581777414	3118961
43	1035402928	1581737004	3118961
42	1035402718	1581735922	3118961
41	1035161714	1581635848	3118961
40	1035161708	1581635826	3118961
39	1035161678	1581635676	3118961
38	1034674310	1581248241	3118961
37	1034674292	1581248158	3118961
36	1034674281	1581248082	3118961
35	1034674273	1581248037	3118961
34	1034674266	1581247967	3118961
33	1034674262	1581247938	3118961
32	1034674235	1581247774	3118961
31	1034667054	1581218672	3118961
30	1034667013	1581218476	4558857
29	1034667003	1581218422	4558857
28	1034666995	1581218382	4558857
27	1034666982	1581218326	4558857
26	1034666977	1581218293	4558857
25	1034666969	1581218221	4558857
24	1034666920	1581217968	3118961
23	1034666822	1581217455	3118961
22	1034666688	1581216571	3118961
21	1034660436	1581185356	3118961
20	1034657518	1581172782	3118961
19	1034657475	1581172564	3118961
18	1034657421	1581172341	3118961
17	1034657369	1581172049	3118961
16	1034657264	1581171764	3118961
15	1034657161	1581171510	3118961
14	1034646693	1581131408	3118961
13	1034646644	1581131212	3118961
12	1034646621	1581131034	3118961
11	1034646580	1581130864	3118961
10	1034646517	1581130543	3118961
9	1034646485	1581130390	3118961
8	1034646468	1581130356	3118961
7	1034646381	1581130111	3118961
6	1034646333	1581129925	3118961
5	1034646323	1581129850	3118961
4	1034646314	1581129833	3118961
3	1034646282	1581129797	3118961
2	1034646219	1581129410	3118961
1	1034646205	1581129329	3118961
0	1034646199	1581129272	3118961
