slug: draft:hizofrenik
title: "Черновик Hizofrenik"
tags: []
43	1297293773	1595924913	6274710
42	1224188178	1594371476	6274710
41	1224188134	1594371298	6274710
40	1224188122	1594371222	6274710
39	1224187918	1594370490	6274710
38	1224187890	1594370352	6274710
37	1224187817	1594369839	6274710
36	1224187640	1594368908	6274710
35	1224187310	1594367806	6274710
34	1224151534	1594192905	6274710
33	1224151409	1594192315	6274710
32	1224151399	1594192271	6274710
31	1224151384	1594192201	6274710
30	1224151371	1594192117	6274710
29	1224151361	1594192008	6274710
28	1224151310	1594191606	6274710
27	1224151194	1594191123	6274710
26	1224151192	1594191086	6274710
25	1224143922	1594150041	6274710
24	1215017724	1592645417	6274710
23	1214998992	1592566498	6274710
22	1214998983	1592566479	6274710
21	1214998906	1592566158	6274710
20	1214998384	1592563864	6274710
19	1214998037	1592562177	4518363
18	1214998032	1592562159	6274710
17	1214998009	1592562019	6274710
16	1214997945	1592561968	6274710
15	1214997441	1592560039	6274710
14	1214997437	1592560000	6274710
13	1214997313	1592559722	6274710
12	1214996912	1592557959	6274710
11	1214996602	1592556923	6274710
10	1214996597	1592556893	6274710
9	1214996593	1592556848	6274710
8	1214996354	1592556151	6274710
7	1214996331	1592556042	6274710
6	1198198351	1591855004	6274710
5	1196712267	1591596548	6274710
4	1196708287	1591596485	6274710
3	1193932582	1591527127	6274710
2	1193928191	1591527061	6274710
1	1193928090	1591526980	6274710
0	1193928059	1591526957	6274710
