slug: component:infobox-base
title: "Infobox Base"
tags: ["component"]
18	1367510590	1628547914	5258122
17	1073849076	1587222980	3118961
16	1033580398	1577761877	3118961
15	1033580285	1577761407	3118961
14	986280713	1574382436	3118961
13	986280712	1574382422	3118961
12	955381243	1569103291	3118961
11	910663995	1567103339	3118961
10	910662189	1567103315	3118961
9	904486468	1566173396	3118961
8	904486441	1566173232	3118961
7	904486309	1566172946	3118961
6	904486288	1566172927	3118961
5	904486190	1566172749	3118961
4	904486156	1566172711	3118961
3	904486019	1566172304	3118961
2	904485981	1566172230	3118961
1	904485940	1566171998	3118961
0	904485832	1566171875	3118961
