slug: sidenote-guide
title: "Sidenote Guide"
tags: ["guide"]
17	1523173763	1721695566	5982545
16	1523173758	1721695535	5982545
15	1357158741	1603591750	3118961
14	1046912398	1582590856	3118961
13	1035413499	1581777343	3118961
12	1035413410	1581776858	3118961
11	1035159182	1581624469	3118961
10	1035159103	1581624024	3118961
9	1035159054	1581623744	3118961
8	1035159045	1581623699	3118961
7	1035158999	1581623573	3118961
6	1035158993	1581623545	3118961
5	1035158929	1581623419	3118961
4	1033663232	1578076030	3118961
3	904488103	1566178400	3118961
2	904487825	1566177273	3118961
1	904487824	1566177263	3118961
0	904487819	1566177239	3118961
