slug: 011
title: "011 - Мыслеакула"
tags: ["изучен", "исследуется", "омника", "повторяется", "популяция", "существо", "сюжетный"]
24	1524283899	1725051635	754405
23	1511693188	1688067132	6800964
22	1367322343	1627679464	754405
21	1366779693	1625001086	754405
20	1364786462	1619731363	754405
19	1311263976	1597007475	754405
18	1215247857	1593490033	754405
17	1215247855	1593490029	754405
16	94287323	1514581403	754405
15	80230887	1485897096	754405
14	76032552	1466542817	754405
13	75832516	1465506012	754405
12	75832515	1465506011	754405
11	55916458	1440219647	754405
10	51023112	1416583831	754405
9	50947716	1416148857	754405
8	46034930	1393603488	754405
7	33140387	1352035358	754405
6	33140359	1352035071	754405
5	32184967	1347977632	1191487
4	32162742	1347888603	1191487
3	32143779	1347806979	1191487
2	32143325	1347803727	1191487
1	32143313	1347803600	1191487
0	32143312	1347803577	1191487
