slug: 013
title: "013 - Узорные чудовища"
tags: ["артефакт", "изучен", "исследуется", "комплексный", "повторяется", "популяция", "существо", "сюжетный"]
19	1527030839	1735660833	1191487
18	1524283900	1725051635	754405
17	1367322345	1627679473	754405
16	1366779696	1625001090	754405
15	1364786464	1619731369	754405
14	94287361	1514581416	754405
13	80230956	1485897120	754405
12	75994044	1466406072	754405
11	55916457	1440219644	754405
10	51023113	1416583833	754405
9	50904457	1415890901	1191487
8	46034931	1393603495	754405
7	34360252	1356269310	1191487
6	32320057	1348585414	1191487
5	32319156	1348584156	1191487
4	32318683	1348583650	1191487
3	32256717	1348323295	1191487
2	32162958	1347889155	1191487
1	32143810	1347807247	1191487
0	32143386	1347804431	1191487
