slug: rpc-171
title: "RPC-171"
tags: ["extra-dimensional-hazard", "extreme-temperature-hazard", "gamma", "mechanical-hazard", "memory-alteration-hazard", "orange", "rpc"]
10	1509067996	1680326006	3050074
9	856137789	1560885217	3638389
8	847843513	1560017909	3638389
7	847190569	1558741269	3638389
6	802017940	1556075620	3952836
5	700756982	1553639228	4548098
4	700754491	1553639085	4548098
3	650102434	1550784581	4981794
2	650095255	1550764985	4302636
1	650095010	1550764363	4302636
0	650094999	1550764313	4302636
