slug: rpc-287
title: "RPC-287"
tags: ["aquatic-hazard", "beta", "black", "rpc", "translated"]
21	1521150622	1719325760	5982545
20	1496163622	1665168032	6371726
19	1496163620	1665168020	6371726
18	1361956036	1617119483	3970162
17	1361947312	1617071615	3970162
16	1361867355	1616725864	3970162
15	1361867272	1616725440	3970162
14	1359322028	1611224270	5716946
13	1359321965	1611224097	5716946
12	1224167816	1594269878	4315330
11	804943686	1556409876	4548098
10	651065642	1551402774	3952836
9	651065633	1551402756	3952836
8	651065496	1551402439	3952836
7	650138951	1550892480	3970162
6	650138941	1550892445	3970162
5	650128803	1550863296	2776183
4	650126309	1550857108	3970162
3	650125602	1550854944	3970162
2	650125266	1550853877	3970162
1	650125033	1550853335	3970162
0	650124177	1550851091	3970162
