slug: administration-tone
title: "Administration Tone"
tags: ["format", "information"]
21	1462142574	1655668587	3638389
20	1289102717	1595797773	3118961
19	1288980532	1595796202	3118961
18	1050690191	1584476171	3118961
17	1014689972	1576338052	3118961
16	964543736	1570524442	4584404
15	964537825	1570524274	4584404
14	964325582	1570505158	4584404
13	964325534	1570505054	4584404
12	964247916	1570500799	4584404
11	964238684	1570500569	4584404
10	964236358	1570500526	4584404
9	964235713	1570500483	4584404
8	964235673	1570500454	4584404
7	964234851	1570500274	4584404
6	964234847	1570500253	4584404
5	964234838	1570500178	4584404
4	964234835	1570500165	4584404
3	964234755	1570500086	4584404
2	964234679	1570499984	4584404
1	964234639	1570499897	4584404
0	964234635	1570499874	4584404
