slug: rpc-088
title: "RPC-088"
tags: ["alpha", "explosive-hazard", "grouped-hazard", "orange", "organic-hazard", "rpc", "sentient-hazard", "translated"]
29	1530176093	1747674126	9487909
28	1530176089	1747674112	9487909
27	1357330020	1604355498	1315056
26	1073240212	1586713685	3638389
25	1073240210	1586713675	3638389
24	888215749	1562954531	4583766
23	888215214	1562954514	4583766
22	847234773	1558907710	1315056
21	508318504	1544573757	3646714
20	508317866	1544573745	3646714
19	366971317	1541800849	3952836
18	340735768	1541017128	1315056
17	237248763	1540106729	3638389
16	222503113	1539957176	1315056
15	213352724	1539806383	3952836
14	213063973	1539797334	4695861
13	176532229	1539214944	1315056
12	176159112	1539211704	1315056
11	167939841	1539035565	3646714
10	166952411	1539013724	1315056
9	164882938	1538968708	4105536
8	152068555	1538668421	3722979
7	146712725	1535826140	3625466
6	142657294	1534613028	3638389
5	131746449	1531350594	2773416
4	128900815	1530202071	2773416
3	128561302	1530120994	1315056
2	128561277	1530120975	1315056
1	128561132	1530120949	1315056
0	128561124	1530120932	1315056
