slug: eighth-pillar-of-wisdom
title: "Eighth Pillar of Wisdom"
tags: ["alt-timeline", "document", "mi13", "military", "translated", "writings"]
13	1530316150	1748704808	9487909
12	1530316146	1748704799	9487909
11	1508929083	1679783247	3050074
10	1460213266	1650233947	3638389
9	1366804224	1625154080	4870061
8	1366804184	1625153853	4870061
7	1358988940	1610261846	4870061
6	1358988926	1610261665	4870061
5	1318431860	1598237164	4870061
4	1318431840	1598237055	4870061
3	1227238048	1594518921	4870061
2	1226507144	1594509391	4870061
1	1226504770	1594509352	4870061
0	1226503178	1594509323	4870061
