slug: rpc-failsafe-psa
title: "RPC Failsafe PSA"
tags: ["comedy", "fail-safeart", "non-canon", "tale"]
16	1531824879	1756401758	5982545
15	1531824384	1756399915	5982545
14	1508571013	1678929280	3638389
13	1508570980	1678929111	3638389
12	881056966	1562623976	3118961
11	879893079	1562101337	3952836
10	879893060	1562101265	4301774
9	879893036	1562101096	3952836
8	879893029	1562101065	4301774
7	879893027	1562101037	4301774
6	879892971	1562100812	4301774
5	879892773	1562099989	4301774
4	879892746	1562099789	4301774
3	879892734	1562099733	4301774
2	879892709	1562099506	4301774
1	879792380	1562097545	4301774
0	879791916	1562097125	4301774
