slug: start
title: "Start"
tags: ["_admin", "information"]
37	1497415109	1668467610	7460495
36	1497406019	1668438579	7460495
35	1460846420	1651730297	7460495
34	1392063833	1646794162	7460495
33	1392063831	1646794135	7460495
32	1392063828	1646794113	7460495
31	1392063823	1646794059	7460495
30	1392063813	1646793982	7460495
29	1392063810	1646793939	7460495
28	1392063806	1646793914	7460495
27	1392063803	1646793879	7460495
26	1392063801	1646793867	7460495
25	1392063797	1646793812	7460495
24	1392063780	1646793612	7460495
23	1392063774	1646793564	7460495
22	1392063763	1646793517	7460495
21	1392063760	1646793497	7460495
20	1392063751	1646793451	7460495
19	1392063749	1646793431	7460495
18	1392063681	1646793082	7460495
17	1392063667	1646793023	7460495
16	1392063659	1646792993	7460495
15	1392059578	1646770572	7698825
14	1392059576	1646770557	7698825
13	1392059569	1646770492	7698825
12	1392059566	1646770474	7698825
11	1392058164	1646762649	7698825
10	1388966121	1645247368	7460495
9	1388493341	1643609044	7460495
8	1387960742	1641059988	7460495
7	1387960673	1641059363	7460495
6	1387960671	1641059354	7460495
5	1387960381	1641057061	7460495
4	1387960220	1641056522	7460495
3	1387960216	1641056462	7460495
2	1387960211	1641056441	7460495
1	1387960182	1641056232	7460495
0	1387884531	1640626209	7460495
