slug: rpc-254
title: "RPC-254"
tags: ["alpha", "contact-hazard", "emotional-hazard", "ideological-hazard", "mind-control-hazard", "orange", "rpc", "sentient-hazard", "transmutation-hazard"]
9	1362075537	1617724785	3512728
8	1362075515	1617724694	3512728
7	1362075505	1617724676	3512728
6	1033274184	1576711036	4347303
5	1033274091	1576710875	4347303
4	1033262042	1576686475	4347303
3	1025080078	1576546002	4347303
2	1025028522	1576545624	4347303
1	1025020271	1576545561	4347303
0	1025016288	1576545531	4347303
