slug: draft:andersonwhite
title: "Черновик AndersonWhite"
tags: []
28	1460371441	1650519179	5514817
27	1460363956	1650477822	5514817
26	1460363855	1650477270	5514817
25	1460035409	1649699970	5514817
24	1460035382	1649699809	5514817
23	1460035274	1649699336	5514817
22	1460035078	1649698502	5514817
21	1460034970	1649698057	5514817
20	1460034886	1649697563	5514817
19	1460017018	1649623015	5514817
18	1459999496	1649538432	5514817
17	1459984109	1649486051	5514817
16	1459945503	1649364361	5514817
15	1459945327	1649363307	5514817
14	1459903798	1649262062	5514817
13	1459903790	1649262024	5514817
12	1459903436	1649260907	5514817
11	1459901995	1649256721	5514817
10	1459897925	1649239298	5514817
9	1459897829	1649238708	5514817
8	1459897816	1649238626	5514817
7	1459897664	1649238191	5514817
6	1459897085	1649236535	5514817
5	1459515987	1648056505	5514817
4	1459515982	1648056485	5514817
3	1447416168	1647794240	5514817
2	1445353918	1647779870	5514817
1	1445350754	1647779854	5514817
0	1445298414	1647779510	5514817
