slug: rpc-451
title: "RPC-451"
tags: ["alpha", "amazing.co", "rpc", "yellow"]
21	1544792599	1782105436	7013424
20	1544747748	1781935179	9161410
19	1496531655	1666130045	6371726
18	1496531616	1666129835	6371726
17	1496531569	1666129516	6371726
16	1388173270	1641863370	1619464
15	1379678131	1632745163	7299722
14	1358664023	1608856998	5982545
13	1240409893	1594894422	4315330
12	1034643800	1581118308	3970162
11	682077438	1552368574	3970162
10	213271780	1539802316	3952836
9	213090824	1539798328	4695861
8	167984336	1539036893	3952836
7	164730577	1538964829	2976054
6	147949837	1537467961	2344927
5	146716749	1535835950	2773416
4	140350271	1534040236	4365296
3	139878648	1533984012	3970162
2	139871372	1533983193	3970162
1	139871030	1533983148	3970162
0	139870625	1533983108	3970162
