slug: rpc-610
title: "RPC-610"
tags: ["beta", "organic-hazard", "rpc", "sentient-hazard", "yellow"]
19	1073239938	1586713419	3638389
18	1073239937	1586713412	3638389
17	888225741	1562956799	4583766
16	888225738	1562956791	4583766
15	885933430	1562861475	3638389
14	885932350	1562861443	3638389
13	682772602	1552567674	4583766
12	682541571	1552468876	3970162
11	682541566	1552468840	3970162
10	641798223	1549966348	3970162
9	641798151	1549966120	3970162
8	213321005	1539805401	3952836
7	167933666	1539035385	3952836
6	164638951	1538962628	2976054
5	146917312	1536053353	3992967
4	146717026	1535836979	2773416
3	140350403	1534040263	4365296
2	139878672	1533984024	3970162
1	139872152	1533983285	3970162
0	139871775	1533983244	3970162
