slug: world-6
title: "Мир 6 - Очищающая Буря"
tags: ["Мир", "ОБ"]
20	1540270764	1764942505	4518363
19	1527076319	1735937742	6800964
18	1388672370	1644161403	4518363
17	1388672101	1644160562	4518363
16	1385379688	1635096419	4518363
15	1366601502	1624365784	4518363
14	1366566608	1624174215	4518363
13	1366566557	1624173904	4518363
12	1360685401	1615885313	6037747
11	1360683662	1615885289	6037747
10	1360145217	1614527656	4518363
9	1359675831	1612789025	4518363
8	1359121565	1610625254	6037747
7	1359108387	1610572262	6037747
6	1359108252	1610571688	6037747
5	1359108229	1610571574	6037747
4	1359108181	1610571352	4518363
3	1357561744	1605101027	4518363
2	1357561457	1605099574	4518363
1	1357251280	1603983922	4518363
0	1357248346	1603972288	4518363
