slug: lab:6414508
title: ""
tags: []
19	1357770119	1605959999	4518363
18	1357770055	1605959768	4518363
17	1357770001	1605959466	4518363
16	1357769981	1605959335	4518363
15	1357769955	1605959215	4518363
14	1357769941	1605959140	4518363
13	1357769892	1605959040	4518363
12	1357769694	1605958342	4518363
11	1357759100	1605909006	4518363
10	1357759082	1605908932	4518363
9	1357759060	1605908818	4518363
8	1357759037	1605908719	4518363
7	1357758978	1605908515	4518363
6	1357758949	1605908402	4518363
5	1357758931	1605908336	4518363
4	1357758918	1605908293	4518363
3	1357758652	1605907430	4518363
2	1357758194	1605906030	4518363
1	1357758145	1605905798	4518363
0	1357723183	1605773681	6414508
