slug: threats-hazards
title: "Threats & Hazards"
tags: ["information", "lore"]
129	1542319653	1772123596	5982545
128	1540896744	1766415940	9161410
127	1540896740	1766415920	9161410
126	1532311664	1757984782	5982545
125	1532311491	1757983926	3191742
124	1523254076	1722111700	5982545
123	1523253230	1722106054	3638389
122	1388817380	1644734583	3638389
121	1362150231	1617998034	3118961
120	1096501643	1590062643	3118961
119	1073100414	1586304497	3118961
118	1073100339	1586304142	3638389
117	1073100234	1586303864	3118961
116	1073099729	1586301272	3118961
115	1073090392	1586274631	3118961
114	1073090338	1586274477	3118961
113	1073066073	1586208315	3118961
112	1073065835	1586207958	3118961
111	1073011219	1586050915	3118961
110	1073011195	1586050732	3118961
109	1073011194	1586050715	3118961
108	1073011100	1586049992	3118961
107	1073010912	1586048804	3118961
106	1050746219	1584586636	3118961
105	1050745318	1584585073	3118961
104	1050648173	1584381856	3118961
103	1050608148	1584304640	3118961
102	1050605187	1584299483	3118961
101	1050605130	1584299384	3118961
100	1050605119	1584299361	3118961
99	1050605115	1584299354	3118961
98	1050605106	1584299335	3118961
97	1050604317	1584298013	3118961
96	1050604169	1584297730	3118961
95	1047064933	1582910058	3118961
94	1046922677	1582619357	5716946
93	1035162872	1581641220	3118961
92	1034664979	1581208668	3118961
91	956176456	1569185149	3638389
90	956176415	1569185064	3638389
89	956176338	1569184916	3638389
88	950293952	1568719783	3952836
87	949062845	1568507386	3638389
86	949062806	1568507361	3638389
85	908143860	1567032539	3952836
84	901565521	1565499545	3952836
83	901565469	1565499342	3952836
82	901565440	1565499273	3952836
81	901565338	1565499156	3952836
80	898981250	1564801113	3638389
79	898981249	1564801106	3638389
78	898981247	1564801089	3638389
77	893437324	1564316394	1315056
76	893284630	1564246795	2776183
75	893284576	1564246772	2776183
74	893088674	1564200235	3638389
73	888551637	1562979821	3638389
72	888198218	1562953485	4583766
71	888198116	1562953379	4583766
70	888198071	1562953318	4583766
69	888198056	1562953298	4583766
68	888183087	1562952808	4583766
67	888181085	1562952761	4583766
66	847183504	1558713353	3638389
65	802017414	1556074334	3952836
64	801943615	1555987003	3970162
63	801943614	1555986997	3970162
62	801943558	1555986768	3970162
61	801930915	1555952130	1315056
60	801930800	1555951906	3638389
59	800210106	1555857430	1315056
58	800210103	1555857402	1315056
57	800210085	1555857305	1315056
56	800210083	1555857284	1315056
55	800210079	1555857263	1315056
54	800210075	1555857196	1315056
53	769185995	1555540329	1315056
52	769181718	1555540017	1315056
51	756937248	1555423736	1315056
50	674279608	1551923621	3638389
49	641732942	1549782908	2280149
48	641551604	1549396094	3118961
47	641455866	1549150832	3646714
46	641455823	1549150669	3646714
45	641455816	1549150646	3646714
44	641455709	1549150512	3646714
43	641455456	1549149971	3646714
42	641449706	1549136602	3118961
41	641449668	1549136522	3118961
40	554962264	1546400902	3646714
39	540970111	1546136800	2773416
38	508311822	1544573501	3646714
37	484369054	1544415678	3952836
36	212403372	1539747169	4695861
35	176301536	1539213014	2773416
34	164332661	1538955414	2773416
33	164318091	1538955056	2773416
32	164296489	1538954599	2773416
31	164035136	1538949116	3646714
30	127773652	1529803726	4240294
29	127773395	1529803593	4240294
28	127773364	1529803575	4240294
27	127773359	1529803565	4240294
26	127773243	1529803543	4240294
25	127773241	1529803531	4240294
24	127773192	1529803490	4240294
23	127773188	1529803474	4240294
22	127773123	1529803439	4240294
21	127773064	1529803400	4240294
20	127772964	1529803375	4240294
19	127772126	1529802837	2773416
18	127770214	1529801695	4240294
17	127770097	1529801626	4240294
16	127769966	1529801529	4240294
15	127769804	1529801470	4240294
14	127769420	1529801273	4240294
13	127768650	1529800896	4240294
12	127768647	1529800882	4240294
11	127768599	1529800858	4240294
10	127768492	1529800820	4240294
9	127767133	1529799908	4240294
8	127767059	1529799871	4240294
7	127766988	1529799817	4240294
6	127766891	1529799785	4240294
5	127766801	1529799737	4240294
4	127766788	1529799716	4240294
3	127766685	1529799668	4240294
2	127766674	1529799641	4240294
1	127766306	1529799450	4240294
0	127766123	1529799392	4240294
