slug: rpc-731
title: "RPC-731"
tags: ["aggression-hazard", "aquatic-hazard", "beta", "rpc", "sentient-hazard", "yellow"]
21	1474952626	1656712735	3970162
20	1372393260	1629852074	3672751
19	887243054	1562897015	3638389
18	528999363	1545187901	1545472
17	213322732	1539805505	3952836
16	167901646	1539034274	3952836
15	166865839	1539011620	2947029
14	164952800	1538970426	2976054
13	164549227	1538960396	2976054
12	146717101	1535837218	2773416
11	137594542	1533497645	3638389
10	131779719	1531366193	2773416
9	127890191	1529854180	4240294
8	127889979	1529854136	4240294
7	127140283	1529599654	3638389
6	126680888	1529511083	1545472
5	126590460	1529495973	1545472
4	126563009	1529492884	1545472
3	126553678	1529492111	1545472
2	126551117	1529491871	1545472
1	126429119	1529475735	1545472
0	126423331	1529474099	1545472
