slug: contest:bobcontestgooglechrome
title: "Keballic Coal Generator #12 By: Almarduk and Google_Chrome"
tags: ["bob"]
15	1516993338	1703520428	5982545
14	1033380147	1576970086	3118961
13	971641265	1572143820	2930589
12	971641253	1572143746	2930589
11	971637880	1572121434	3118961
10	971637478	1572119914	3952836
9	971599133	1572016020	3952836
8	971599015	1572015358	3952836
7	971599007	1572015294	3952836
6	971598645	1572013679	2776183
5	971598587	1572013304	2776183
4	971590381	1571980624	2930589
3	971590379	1571980573	2930589
2	971590361	1571980472	2930589
1	971590271	1571980259	2930589
0	971590143	1571979979	2930589
