slug: fragment:jimmydummieautumn-1
title: "Jimmy and Dummie's Autumn Entry 1"
tags: []
18	1386028173	1635753501	4981794
17	1386028169	1635753433	4981794
16	1084271643	1588485196	4981794
15	1038043295	1582070072	4981794
14	1038003222	1582069341	4981794
13	981925110	1573962390	3722979
12	978943189	1573158292	3722979
11	972634643	1572627010	4981794
10	972500886	1572622580	4981794
9	972494387	1572622477	4981794
8	972455766	1572621580	4981794
7	971622602	1572055128	3722979
6	971615472	1572045853	4981794
5	971615034	1572043862	3722979
4	971613523	1572036579	3722979
3	971613492	1572036419	3722979
2	971613440	1572036178	3722979
1	971613184	1572035561	3722979
0	971613165	1572035498	3722979
