slug: fragment:jimmydummieautumn-2
title: "Death Is Late To The Party: Jimmy and Dummie's Autumn Entry"
tags: []
37	1379027924	1630532627	7299722
36	1359558564	1612282777	3722979
35	1359558509	1612282569	3722979
34	1358610762	1608609534	3722979
33	1156500322	1590563674	4981794
32	1084271653	1588485233	4981794
31	1038090150	1582070795	4981794
30	1038004348	1582069358	4981794
29	992739081	1575381316	1315056
28	983881150	1574015088	3722979
27	983621136	1574007967	3118961
26	978943390	1573160047	3722979
25	972496107	1572622504	4981794
24	972480306	1572622182	4981794
23	972478695	1572622106	4981794
22	971672068	1572294362	3722979
21	971647281	1572180773	3722979
20	971642090	1572148152	3722979
19	971641931	1572147315	3722979
18	971639146	1572129086	3722979
17	971639089	1572128554	3722979
16	971639080	1572128503	3722979
15	971626558	1572071748	4981794
14	971626540	1572071675	4981794
13	971626524	1572071619	4981794
12	971622907	1572056353	3722979
11	971622706	1572055611	3722979
10	971622612	1572055161	3722979
9	971622520	1572054564	3722979
8	971622517	1572054546	3722979
7	971622287	1572053320	4981794
6	971615539	1572046216	4981794
5	971615522	1572046105	4981794
4	971615509	1572046057	4981794
3	971615044	1572043910	3722979
2	971615038	1572043882	3722979
1	971613444	1572036196	3722979
0	971613181	1572035554	3722979
