slug: contest:bobcontestvizloxbxluyw1lamvmzg
title: "How to Catch an Info-Demon"
tags: ["bob"]
12	1516993347	1703520494	5982545
11	1356696893	1602556034	3672751
10	1033380152	1576970114	3118961
9	980057515	1573329267	3118961
8	971639550	1572131875	3077628
7	971639532	1572131662	3077628
6	971637894	1572121517	3118961
5	971637477	1572119909	3952836
4	971635393	1572107333	3077628
3	971633776	1572097906	3118961
2	971625383	1572066386	3077628
1	971625368	1572066271	3077628
0	971625357	1572066231	3077628
