slug: rpc-477
title: "RPC-477"
tags: ["gamma", "ideological-hazard", "incorporeal-hazard", "memory-alteration-hazard", "rpc", "white"]
13	1386231121	1636609166	3672751
12	1379689317	1632800034	3672751
11	1379431485	1631828479	3672751
10	1379315582	1631381988	3672751
9	1379171466	1631046634	3672751
8	1379171459	1631046605	3672751
7	1379171424	1631046452	3672751
6	1379139515	1630896764	3672751
5	1379138960	1630895014	3672751
4	1379122037	1630797326	3672751
3	1379122025	1630797211	3672751
2	1379119609	1630779757	3672751
1	1379119601	1630779690	3672751
0	1379119581	1630779554	3672751
