slug: rpc-076
title: "RPC-076"
tags: ["aggression-hazard", "beta", "grouped-hazard", "organic-hazard", "rpc", "sentient-hazard", "translated", "yellow"]
14	1533200872	1761340262	2765984
13	1530175988	1747673459	9487909
12	1530175986	1747673437	9487909
11	1496163129	1665166622	6371726
10	1459769497	1648953135	2765984
9	1459715485	1648778704	2765984
8	1459715478	1648778672	2765984
7	1387269967	1638532319	5689914
6	1387269928	1638532308	5689914
5	1387242980	1638386554	2765984
4	1387242975	1638386535	2765984
3	1379811126	1633213460	3672751
2	1379811121	1633213438	3672751
1	1379284076	1631285133	2765984
0	1379283777	1631283837	2765984
