slug: lab:js-test
title: ""
tags: []
97	78321405	1477840356	2278265
96	78320909	1477836528	2278265
95	78320896	1477836390	2278265
94	78320894	1477836381	2278265
93	78320851	1477836112	2278265
92	78320833	1477835860	2278265
91	78320831	1477835849	2278265
90	78320804	1477835642	2278265
89	78320802	1477835632	2278265
88	78320768	1477835496	2278265
87	78320729	1477835424	2278265
86	78320726	1477835413	2278265
85	78320719	1477835361	2278265
84	78320717	1477835352	2278265
83	78320678	1477835120	2278265
82	78320677	1477835108	2278265
81	78320652	1477834638	2278265
80	78320650	1477834609	2278265
79	78320642	1477834516	2278265
78	78320641	1477834506	2278265
77	78320632	1477834392	2278265
76	78320630	1477834382	2278265
75	78320590	1477834188	2278265
74	78320587	1477834170	2278265
73	78320541	1477834040	2278265
72	78320538	1477834016	2278265
71	78280574	1477609564	2278265
70	78280569	1477609532	2278265
69	78280386	1477608576	2278265
68	78280365	1477608328	2278265
67	78280328	1477607827	2278265
66	78280327	1477607817	2278265
65	78280324	1477607766	2278265
64	78280323	1477607756	2278265
63	78280319	1477607680	2278265
62	78280318	1477607667	2278265
61	78280253	1477607554	2278265
60	78280221	1477607281	2278265
59	78277827	1477594676	2278265
58	78277819	1477594568	2278265
57	78274846	1477583667	2278265
56	78274600	1477582920	2278265
55	78269873	1477566428	2278265
54	78269865	1477566284	2278265
53	78269708	1477565857	2278265
52	78180718	1477218955	2278265
51	75000720	1462184081	2278265
50	74973991	1462091299	2278265
49	74973406	1462088201	2278265
48	74954120	1462031724	2278265
47	74933737	1462009188	2278265
46	74931480	1462006818	2278265
45	74855181	1461840714	2278265
44	74848564	1461823032	2278265
43	74847198	1461821199	2278265
42	74847158	1461821137	2278265
41	74847157	1461821127	2278265
40	74846877	1461820463	2278265
39	74846876	1461820454	2278265
38	74846791	1461820216	2278265
37	74846789	1461820204	2278265
36	74846719	1461820066	2278265
35	74846718	1461820057	2278265
34	74846715	1461820045	2278265
33	74846559	1461819184	2278265
32	74846557	1461819174	2278265
31	74846521	1461818974	2278265
30	74846376	1461818390	2278265
29	74846374	1461818382	2278265
28	74846372	1461818370	2278265
27	74846282	1461817775	2278265
26	74846280	1461817763	2278265
25	74846276	1461817721	2278265
24	73991267	1460917860	2278265
23	73987110	1460907086	2278265
22	73986998	1460907029	2278265
21	73986996	1460907018	2278265
20	73986949	1460906972	2278265
19	73977349	1460895130	754405
18	73971277	1460886219	2278265
17	73967143	1460878148	2278265
16	73967090	1460878136	2278265
15	73953240	1460847950	2278265
14	73952878	1460845933	2278265
13	73952866	1460845913	2278265
12	73952528	1460844443	2278265
11	73952527	1460844434	2278265
10	73952409	1460843943	2278265
9	73952351	1460843734	2278265
8	73952348	1460843717	2278265
7	73952347	1460843698	2278265
6	73479818	1460724642	2278265
5	73419429	1460711616	2278265
4	73416124	1460711093	2278265
3	73414943	1460710898	2278265
2	73357887	1460699923	2278265
1	73211140	1460666717	754405
0	73200770	1460664345	2278265
