slug: rpc-763
title: "RPC-763"
tags: ["aggression-hazard", "contact-hazard", "corrosive-hazard", "gamma", "incorporeal-hazard", "organic-hazard", "rpc", "sapient-hazard", "transmutation-hazard", "yellow"]
16	1544787702	1782080593	7013424
15	1508515775	1678645123	5982545
14	1507822960	1676753805	7320700
13	1388774021	1644550699	6723882
12	1386382881	1637110127	6723882
11	1366489229	1623803918	7320700
10	1366489222	1623803858	7320700
9	1366489017	1623802484	7320700
8	1366489012	1623802457	7320700
7	1366488966	1623802061	7320700
6	1366488701	1623800541	7320700
5	1364763509	1619621487	6723882
4	1361715478	1616388863	5716946
3	1361715474	1616388812	5716946
2	1361713685	1616376408	6723882
1	1361713670	1616376347	6723882
0	1361713609	1616375871	6723882
