slug: lexicon-auctoritas
title: "Lexicon Auctoritas"
tags: ["collaboration", "document", "lore", "top10", "translated"]
81	1531690799	1755810612	6371726
80	1523254086	1722111760	5982545
79	1523253818	1722109217	3638389
78	1517271776	1704742098	5258122
77	1517271733	1704741879	5258122
76	1517271717	1704741711	5258122
75	1517271598	1704741083	5258122
74	1517271265	1704738886	5258122
73	1517271203	1704738811	5258122
72	1517270974	1704737762	5258122
71	1517270942	1704737556	5258122
70	1517270935	1704737538	5258122
69	1517270907	1704737349	5258122
68	1517269831	1704731981	5258122
67	1517269820	1704731906	5258122
66	1517269810	1704731864	5258122
65	1517269807	1704731804	5258122
64	1517269797	1704731747	5258122
63	1517269794	1704731713	5258122
62	1517269416	1704729941	5258122
61	1517269411	1704729898	5258122
60	1517269400	1704729819	5258122
59	1517269375	1704729669	5258122
58	1517269366	1704729595	5258122
57	1516110298	1700505776	6371726
56	1496120755	1665098684	6371726
55	1496120748	1665098650	6371726
54	1488511589	1661701905	5258122
53	1459783439	1649034300	3672751
52	1387623666	1639829900	4433848
51	1374112012	1629993861	2818841
50	1374111961	1629993573	2818841
49	1367163751	1627005017	2818841
48	1367163667	1627004784	2818841
47	1367163616	1627004371	2818841
46	1367163598	1627004143	2818841
45	1367132754	1626824906	4433848
44	1367132700	1626824645	5258122
43	1367132612	1626823965	4433848
42	1365716108	1621472086	5258122
41	1361969740	1617192024	5258122
40	1361969731	1617191981	5258122
39	1361969726	1617191963	5258122
38	1361969717	1617191925	5258122
37	1361969705	1617191857	5258122
36	1361969677	1617191743	5258122
35	1361969670	1617191715	5258122
34	1361969658	1617191661	5258122
33	1361969644	1617191630	5258122
32	1361969625	1617191542	5258122
31	1361969513	1617191082	5258122
30	1361969499	1617191028	5258122
29	1361969488	1617190974	5258122
28	1361969477	1617190885	5258122
27	1361969468	1617190854	5258122
26	1361969464	1617190829	5258122
25	1361969456	1617190806	5258122
24	1361969385	1617190540	5258122
23	1361969382	1617190531	5258122
22	1361969373	1617190500	5258122
21	1361969369	1617190495	5258122
20	1361969367	1617190488	5258122
19	1361969365	1617190482	5258122
18	1361969324	1617190425	5258122
17	1361963364	1617162011	5258122
16	1361963361	1617161986	5258122
15	1361963356	1617161954	5258122
14	1361963350	1617161908	5258122
13	1361963337	1617161838	5258122
12	1361963334	1617161816	5258122
11	1361963310	1617161582	5258122
10	1361963309	1617161574	5258122
9	1361963307	1617161566	5258122
8	1361963306	1617161558	5258122
7	1361963297	1617161507	5258122
6	1361963291	1617161486	5258122
5	1361963288	1617161457	5258122
4	1361963279	1617161421	5258122
3	1361963135	1617160336	5258122
2	1361963106	1617160181	5258122
1	1361962995	1617159459	5258122
0	1361962990	1617159423	5258122
