slug: component:maintenance-union-theme
title: "Maintenance Union Theme"
tags: ["theme"]
78	1383794329	1634103784	4981794
77	1366594231	1624318096	5258122
76	1362025404	1617472722	5258122
75	1358930199	1610041965	5258122
74	1358930195	1610041923	5258122
73	1358930161	1610041756	5258122
72	1358930111	1610041445	5258122
71	1358929724	1610039780	5258122
70	1358929720	1610039755	5258122
69	1358929637	1610039454	5258122
68	1358929630	1610039419	5258122
67	1358929586	1610039274	5258122
66	1358929535	1610039203	5258122
65	1358929449	1610038791	5258122
64	1358929414	1610038580	5258122
63	1358929407	1610038516	5258122
62	1358929341	1610038312	5258122
61	1358929279	1610038171	5258122
60	1358929257	1610038122	5258122
59	1358929251	1610038112	5258122
58	1358929245	1610038097	5258122
57	1358929240	1610038087	5258122
56	1358929215	1610037965	5258122
55	1358929202	1610037909	5258122
54	1358929170	1610037847	5258122
53	1358929164	1610037816	5258122
52	1358929153	1610037750	5258122
51	1358929147	1610037727	5258122
50	1358929128	1610037663	5258122
49	1358929121	1610037635	5258122
48	1358907047	1609919377	5575539
47	1358907035	1609919325	5575539
46	1358907020	1609919287	5575539
45	1358906965	1609919100	5575539
44	1358906942	1609918964	5575539
43	1358906931	1609918914	5575539
42	1358906916	1609918777	5575539
41	1358906912	1609918733	5575539
40	1358906893	1609918664	5575539
39	1358906888	1609918614	5575539
38	1358906887	1609918594	5575539
37	1358906879	1609918571	5575539
36	1358906825	1609918492	5575539
35	1358906803	1609918348	5575539
34	1358906737	1609918144	5575539
33	1358906731	1609918108	5575539
32	1358906729	1609918091	5575539
31	1358906718	1609918019	5575539
30	1358906713	1609917997	5575539
29	1358906707	1609917973	5575539
28	1358906588	1609917308	5575539
27	1358906573	1609917226	5575539
26	1358906569	1609917202	5575539
25	1358906499	1609916921	5575539
24	1358906495	1609916904	5575539
23	1358906494	1609916882	5575539
22	1358906484	1609916791	5575539
21	1358906470	1609916729	5575539
20	1358906425	1609916641	5575539
19	1358906415	1609916543	5575539
18	1358906411	1609916520	5575539
17	1358906393	1609916387	5575539
16	1311269407	1597033598	5258122
15	1309610242	1596215766	5258122
14	1306836291	1596164716	5258122
13	1279160508	1595638061	5258122
12	1273440793	1595553758	5258122
11	1273420442	1595552961	5258122
10	1273363398	1595550767	5258122
9	1273327491	1595550248	5258122
8	1273313576	1595550002	5258122
7	1273283147	1595549455	5258122
6	1273252389	1595548673	5258122
5	1273227523	1595548081	5258122
4	1273210711	1595547893	5258122
3	1272737090	1595541973	5258122
2	1272690301	1595541418	5258122
1	1272684913	1595541363	5258122
0	1272480064	1595539149	5258122
