slug: rpc-126
title: "RPC-126"
tags: ["beta", "contact-hazard", "grouped-hazard", "ideological-hazard", "rpc", "visual-hazard", "yellow"]
44	1215167360	1593234392	4315330
43	1073101000	1586306882	3638389
42	1073100993	1586306870	3638389
41	949062800	1568507337	4583766
40	949062799	1568507321	4583766
39	946022647	1568162963	3952836
38	901557705	1565472340	4315330
37	856149883	1560885568	3638389
36	491331606	1544465580	3638389
35	367005533	1541801829	3952836
34	213318959	1539805210	3952836
33	168291885	1539046782	3952836
32	166803425	1539010080	3638389
31	164655272	1538963173	4558857
30	146713391	1535827620	3625466
29	145030522	1535257749	2906223
28	134011071	1532385661	4393497
27	132899024	1531800764	3638389
26	131082957	1530898930	2012691
25	131081176	1530897684	3765552
24	130707544	1530767910	3646714
23	129334300	1530310417	2012691
22	128335169	1530036595	2012691
21	128334608	1530036280	2012691
20	128333654	1530035668	2012691
19	128333473	1530035578	2012691
18	128333108	1530035487	2012691
17	128332052	1530035135	2012691
16	128331389	1530034914	2012691
15	128204605	1529991558	2012691
14	128202434	1529990938	2012691
13	128202092	1529990778	2012691
12	128202024	1529990762	2012691
11	128134047	1529948556	4240294
10	128044457	1529914325	2012691
9	128040695	1529912682	2012691
8	128039853	1529912326	1657217
7	128039843	1529912297	2012691
6	128026873	1529906652	2012691
5	128003311	1529897904	2012691
4	127983409	1529886350	2773416
3	127983318	1529886304	2773416
2	127983079	1529886107	2773416
1	127983015	1529886028	2012691
0	127982872	1529886001	2012691
