slug: object-saj
title: "Искажение SAJ-0: Четырёхмерный режиссёр"
tags: ["ВИК", "Искажение", "Пространство_Фрисцель", "Экзартатаи"]
16	1360631548	1615883711	6037747
15	1360570246	1615881925	6037747
14	1311990065	1598045389	4518363
13	1311990058	1598045375	4518363
12	1048184652	1583736332	4518363
11	1048184649	1583736309	4518363
10	1048184586	1583736275	4518363
9	1048166169	1583676974	4518363
8	1046934257	1582653545	4518363
7	1043390710	1582305299	4518363
6	1039579424	1582146328	4518363
5	1039570719	1582146185	4518363
4	1039505042	1582144606	4518363
3	1035124573	1581509914	4518363
2	1035124492	1581509596	4518363
1	1035124411	1581508941	4518363
0	1035124384	1581508739	4518363
