slug: personnel-dossier
title: "Personnel Dossier"
tags: ["hub"]
16	1379708443	1632876177	3672751
15	1075281240	1587862346	3118961
14	1075274758	1587831770	3118961
13	1050601215	1584291755	3118961
12	899786030	1565019930	3952836
11	899775251	1565019250	3952836
10	802044074	1556122096	3952836
9	641449752	1549136748	3118961
8	641382095	1548972755	3646714
7	604642550	1547690477	3646714
6	175663956	1539207595	3646714
5	141060635	1534220317	2773416
4	131098123	1530931959	2773416
3	131098099	1530931872	2773416
2	130648736	1530747465	2773416
1	130648734	1530747458	2773416
0	130648384	1530747342	2773416
