slug: news-5
title: "Новости - события 2016"
tags: []
55	79561509	1483218702	754405
54	79561504	1483218684	754405
53	79547614	1483131630	754405
52	79526872	1483045233	754405
51	79347091	1482181228	754405
50	79152813	1481317235	754405
49	78966926	1480539589	754405
48	78942789	1480453238	754405
47	78340758	1477947644	754405
46	78324157	1477861218	754405
45	78313430	1477774862	754405
44	78114006	1476910828	754405
43	77923891	1476046829	754405
42	77782774	1475269214	754405
41	77763456	1475182862	754405
40	77276581	1472677227	754405
39	77264277	1472636095	754405
38	77245574	1472558412	754405
37	77066587	1471640430	754405
36	76856178	1470776438	754405
35	76702049	1469998827	754405
34	76688195	1469912416	754405
33	76671927	1469826025	754405
32	76500301	1468962022	754405
31	76355212	1468098055	754405
30	76203171	1467320462	754405
29	76184654	1467234023	754405
28	75994049	1466406087	754405
27	75832521	1465506030	754405
26	75667359	1464728424	754405
25	75662814	1464708144	754405
24	75632540	1464555627	754405
23	75461443	1463691628	754405
22	75185315	1462827610	754405
21	74960256	1462050012	754405
20	74911853	1461963629	754405
19	74221782	1461099629	754405
18	72389125	1460235626	754405
17	70787592	1459459332	754405
16	70699506	1459371621	754405
15	70615813	1459285232	754405
14	69352246	1458435858	754405
13	68460727	1457576470	754405
12	67938783	1456779626	754405
11	67917959	1456762784	754405
10	67270747	1456088441	754405
9	66770623	1455138015	754405
8	66400325	1454277679	754405
7	66199562	1454187622	754405
6	65929353	1454101246	754405
5	64322444	1453669228	754405
4	62530260	1453237239	754405
3	61934555	1452805879	754405
2	61748842	1452373228	754405
1	61558172	1451941221	754405
0	61486990	1451635869	754405
