slug: nav:top
title: "Top"
tags: []
38	1541143466	1766892632	9161410
37	1541127563	1766863708	9161410
36	1537959976	1762099754	9161410
35	1537959963	1762099700	9161410
34	1534294231	1761678633	9161410
33	1534276301	1761677188	9161410
32	1532696744	1759715117	9161410
31	1532696729	1759715036	9161410
30	1530916057	1752118570	9161410
29	1530823434	1751653156	9161410
28	1530823400	1751652805	9161410
27	1530823376	1751652552	9161410
26	1530823318	1751652097	9161410
25	1530823313	1751652071	9161410
24	1530823310	1751652036	9161410
23	1530823305	1751652010	9161410
22	1530823255	1751651798	9161410
21	1530823241	1751651720	9161410
20	1530823237	1751651690	9161410
19	1530696856	1751046906	9161410
18	1530692609	1751016067	9161410
17	1530692593	1751015966	9161410
16	1530692579	1751015852	9161410
15	1530692546	1751015675	9161410
14	1530648803	1750806665	9161410
13	1530553842	1750222408	9161410
12	1530541150	1750131726	9161410
11	1530539966	1750119999	9161410
10	1530430701	1749412707	9161410
9	1529968114	1746469759	9161410
8	1529923465	1746418479	9161410
7	1529923457	1746418405	9161410
6	1529923450	1746418379	9161410
5	1529923421	1746418194	9161410
4	1529922898	1746415581	9161410
3	1529922669	1746414714	9161410
2	1529168836	1744264917	9161410
1	1529168750	1744264801	9161410
0	1529077344	1743892762	9161410
