slug: borrador:amly-081
title: "AMLY-081"
tags: []
14	1529147156	1744153936	9605771
13	1529147134	1744153870	9605771
12	1529147123	1744153796	9605771
11	1529147119	1744153765	9605771
10	1529144946	1744146050	9161410
9	1529144070	1744142795	5381838
8	1529142941	1744136823	9605771
7	1529142936	1744136783	9605771
6	1529142920	1744136688	9605771
5	1529142912	1744136650	9605771
4	1529142898	1744136574	9605771
3	1529142887	1744136515	9605771
2	1529142843	1744136429	9605771
1	1529142716	1744135934	9605771
0	1529142661	1744135723	9605771
