slug: fragment:amly-000-0
title: "Amly 000 0"
tags: []
52	1531955615	1756719615	9161410
51	1531955542	1756719549	9161410
50	1531955509	1756719520	9161410
49	1531952712	1756717127	9161410
48	1531952673	1756717095	9161410
47	1531952661	1756717054	9161410
46	1531952591	1756716973	9161410
45	1531952559	1756716942	9161410
44	1531952527	1756716933	9161410
43	1531952523	1756716914	9161410
42	1531952453	1756716838	9161410
41	1529978937	1746540593	9161410
40	1529973041	1746508139	9161410
39	1529972980	1746507873	9161410
38	1529972960	1746507707	9161410
37	1529972941	1746507533	9161410
36	1529972910	1746507498	9161410
35	1529972906	1746507475	9161410
34	1529972901	1746507399	9161410
33	1529828671	1746035470	9161410
32	1529828670	1746035445	9161410
31	1529828644	1746035330	9161410
30	1529828547	1746034896	9161410
29	1529828543	1746034885	9161410
28	1529828541	1746034874	9161410
27	1529828489	1746034775	9161410
26	1529828467	1746034640	9161410
25	1529828465	1746034629	9161410
24	1529828458	1746034616	9161410
23	1529828424	1746034386	9161410
22	1529152722	1744176571	9161410
21	1529152718	1744176546	9161410
20	1529152586	1744175826	9161410
19	1529152565	1744175684	9161410
18	1529152506	1744175152	9161410
17	1529152505	1744175127	9161410
16	1529152371	1744173974	9161410
15	1529152293	1744173567	9161410
14	1529152024	1744173104	9161410
13	1529152013	1744173066	9161410
12	1529152004	1744173035	9161410
11	1529151899	1744172588	9161410
10	1529151893	1744172552	9161410
9	1529151853	1744172520	9161410
8	1529151842	1744172424	9161410
7	1529151816	1744172222	9161410
6	1529151790	1744172057	9161410
5	1529151722	1744171576	9161410
4	1529151675	1744171209	9161410
3	1529151645	1744170950	9161410
2	1529143279	1744138934	9161410
1	1529143068	1744137612	5381838
0	1529143062	1744137594	5381838
