slug: tropas-de-tareas-especiales
title: "Teterete"
tags: []
159	1541241041	1767424298	9161410
158	1541102050	1766821958	9161410
157	1541085634	1766794485	9161410
156	1540503560	1765435992	9161410
155	1540502628	1765434057	9161410
154	1540499849	1765426224	9161410
153	1540499827	1765426074	9161410
152	1540499653	1765424653	9161410
151	1540499570	1765424165	9161410
150	1540499233	1765421610	9161410
149	1540499174	1765421223	9161410
148	1540499055	1765420815	9161410
147	1540498134	1765417872	9161410
146	1540498102	1765417728	9161410
145	1540496882	1765414334	9161410
144	1540496849	1765414272	9161410
143	1540496798	1765413713	9161410
142	1540496760	1765413111	9161410
141	1540496587	1765412106	9161410
140	1540496540	1765411445	9161410
139	1540496494	1765411157	9161410
138	1540496487	1765411100	9161410
137	1540496477	1765410982	9161410
136	1540496440	1765410618	9161410
135	1540496434	1765410554	9161410
134	1540496430	1765410533	9161410
133	1540496428	1765410515	9161410
132	1540496426	1765410492	9161410
131	1540496411	1765410302	9161410
130	1540496396	1765410113	9161410
129	1540496079	1765407202	9161410
128	1540480430	1765348492	9161410
127	1540480384	1765348446	9161410
126	1540480343	1765348378	9161410
125	1540480295	1765348355	9161410
124	1540480165	1765348170	9161410
123	1540480138	1765348083	9161410
122	1540480072	1765347968	9161410
121	1540480028	1765347891	9161410
120	1540480019	1765347880	9161410
119	1540479997	1765347829	9161410
118	1540479976	1765347793	9161410
117	1540479863	1765347608	9161410
116	1540479858	1765347586	9161410
115	1540479723	1765347300	9161410
114	1540479699	1765347257	9161410
113	1540479608	1765347083	9161410
112	1540479558	1765346997	9161410
111	1540479479	1765346859	9161410
110	1540479414	1765346758	9161410
109	1540479345	1765346597	9161410
108	1540479340	1765346589	9161410
107	1540479280	1765346474	9161410
106	1540479263	1765346441	9161410
105	1540479225	1765346386	9161410
104	1540479164	1765346259	9161410
103	1540478969	1765345881	9161410
102	1540478946	1765345834	9161410
101	1540478820	1765345594	9161410
100	1540478703	1765345378	9161410
99	1540478474	1765344907	9161410
98	1540478336	1765344687	9161410
97	1540478282	1765344601	9161410
96	1540478270	1765344574	9161410
95	1540478193	1765344416	9161410
94	1540478186	1765344409	9161410
93	1540478160	1765344370	9161410
92	1540478124	1765344307	9161410
91	1540478073	1765344229	9161410
90	1540477997	1765344075	9161410
89	1540477863	1765343842	9161410
88	1540473555	1765335930	9161410
87	1540473509	1765335836	9161410
86	1540473482	1765335790	9161410
85	1532195358	1757365504	9161410
84	1532195353	1757365462	9161410
83	1532195270	1757364889	9161410
82	1532195265	1757364863	9161410
81	1532195253	1757364807	9161410
80	1531582299	1755269552	9161410
79	1531582274	1755269487	9161410
78	1531582263	1755269427	9161410
77	1531582200	1755269190	9161410
76	1531582173	1755269101	9161410
75	1531488463	1754891439	9161410
74	1531488402	1754891265	9161410
73	1531488364	1754891107	9161410
72	1531488346	1754890959	9161410
71	1531486856	1754882142	9161410
70	1531486786	1754881606	9161410
69	1531272841	1753846563	9161410
68	1531272808	1753846516	9161410
67	1531272806	1753846503	9161410
66	1531272760	1753846185	9161410
65	1531272747	1753846050	9161410
64	1531272732	1753845955	9161410
63	1531259757	1753775593	9161410
62	1531259649	1753775124	9161410
61	1531259494	1753774465	9161410
60	1531259468	1753774271	9161410
59	1531259412	1753773956	9161410
58	1531259302	1753773649	9161410
57	1531259259	1753773406	9161410
56	1531259003	1753772159	9161410
55	1531259000	1753772139	9161410
54	1531258993	1753772100	9161410
53	1531258990	1753772089	9161410
52	1530695138	1751036684	9161410
51	1530695132	1751036645	9161410
50	1530695122	1751036572	9161410
49	1530695117	1751036549	9161410
48	1530695095	1751036410	9161410
47	1530695084	1751036311	9161410
46	1530289248	1748529305	9161410
45	1530289228	1748529200	9161410
44	1530281396	1748456523	9161410
43	1530281334	1748455808	9161410
42	1530281328	1748455737	9161410
41	1530281266	1748455483	9161410
40	1530279382	1748443082	9161410
39	1530279368	1748443016	9161410
38	1530279341	1748442875	9161410
37	1530279061	1748441964	9161410
36	1530279053	1748441931	9161410
35	1530278990	1748441533	9161410
34	1530276768	1748420271	9161410
33	1530276767	1748420229	9161410
32	1530276735	1748419791	9161410
31	1530276729	1748419744	9161410
30	1530276722	1748419508	9161410
29	1530276717	1748419426	9161410
28	1530276632	1748418718	9161410
27	1530276516	1748418044	9161410
26	1530276513	1748418025	9161410
25	1530276510	1748417970	9161410
24	1530276507	1748417936	9161410
23	1530276470	1748417443	9161410
22	1530276466	1748417409	9161410
21	1530276453	1748417294	9161410
20	1530276435	1748417153	9161410
19	1530276371	1748416670	9161410
18	1530276366	1748416633	9161410
17	1530276356	1748416530	9161410
16	1530276349	1748416449	9161410
15	1530276331	1748416333	9161410
14	1530276315	1748416226	9161410
13	1530276270	1748415884	9161410
12	1530276250	1748415573	9161410
11	1530276238	1748415482	9161410
10	1530276233	1748415423	9161410
9	1530276230	1748415350	9161410
8	1530276217	1748415190	9161410
7	1530276203	1748415012	9161410
6	1530276195	1748414857	9161410
5	1530276193	1748414826	9161410
4	1529164794	1744238249	9161410
3	1529164630	1744237420	9161410
2	1529164477	1744237129	9161410
1	1529164474	1744237119	9161410
0	1529164469	1744237065	9161410
