slug: plantilla-de-exploracion-a-lugares-de-interes
title: "Plantilla De Exploracion A Lugares De Interes"
tags: []
14	1532330128	1758082916	9161410
13	1532330123	1758082886	9161410
12	1532330115	1758082827	9161410
11	1532330106	1758082750	9161410
10	1531304395	1753954669	9161410
9	1531304354	1753954507	9161410
8	1530825096	1751667423	9161410
7	1530825093	1751667411	9161410
6	1530825091	1751667399	9161410
5	1530825089	1751667382	9161410
4	1530824985	1751666204	9161410
3	1530824984	1751666194	9161410
2	1530824981	1751666167	9161410
1	1530824977	1751666154	9161410
0	1529168735	1744264655	9161410
