slug: notas-de-los-altos-mandos
title: "Notas De Los Altos Mandos"
tags: []
143	1543642561	1777605512	9161410
142	1543642371	1777605269	9161410
141	1543642363	1777605250	9161410
140	1543642321	1777605168	9161410
139	1543642203	1777604890	9161410
138	1543642178	1777604827	9161410
137	1543641936	1777604335	9161410
136	1543641910	1777604286	9161410
135	1543641845	1777604146	9161410
134	1543641753	1777603915	9161410
133	1543635074	1777571029	9161410
132	1543630008	1777551838	9161410
131	1543624822	1777531343	9161410
130	1543624818	1777531288	9161410
129	1543624811	1777531243	9161410
128	1543624809	1777531221	9161410
127	1543624794	1777531096	9161410
126	1543624765	1777530899	9161410
125	1543624737	1777530668	9161410
124	1543624567	1777529242	9161410
123	1539713200	1763506030	9161410
122	1539713164	1763505836	9161410
121	1539713097	1763505314	9161410
120	1539713095	1763505303	9161410
119	1539713077	1763505157	9161410
118	1539713075	1763505134	9161410
117	1539713070	1763505099	9161410
116	1539713040	1763504811	9161410
115	1537556856	1762035232	9161410
114	1537556612	1762035195	9161410
113	1537555948	1762035078	9161410
112	1537555466	1762034997	9161410
111	1537555255	1762034948	9161410
110	1537482059	1762022290	9161410
109	1537476280	1762021372	9161410
108	1537466191	1762019850	9161410
107	1531952024	1756716430	9161410
106	1531552289	1755124946	9161410
105	1531552286	1755124926	9161410
104	1531552282	1755124855	9161410
103	1531269970	1753823135	9161410
102	1531269917	1753822680	9161410
101	1531269908	1753822564	9161410
100	1531269906	1753822525	9161410
99	1531269883	1753822242	9161410
98	1531269795	1753821948	9161410
97	1531269087	1753816285	9161410
96	1531269083	1753816253	9161410
95	1531269080	1753816191	9161410
94	1531268941	1753815796	9161410
93	1531268847	1753814944	9161410
92	1531268834	1753814851	9161410
91	1531268833	1753814840	9161410
90	1531268829	1753814797	9161410
89	1531268701	1753814168	9161410
88	1531268694	1753814128	9161410
87	1531268666	1753813922	9161410
86	1531268654	1753813864	9161410
85	1531268405	1753812629	9161410
84	1531268336	1753812104	9161410
83	1531268317	1753812014	9161410
82	1531268316	1753812004	9161410
81	1531268314	1753811995	9161410
80	1531268307	1753811946	9161410
79	1531268303	1753811929	9161410
78	1531268265	1753811697	9161410
77	1531268262	1753811655	9161410
76	1531268234	1753811438	9161410
75	1531268230	1753811423	9161410
74	1531268214	1753811268	9161410
73	1530942442	1752250125	9161410
72	1530942435	1752250100	9161410
71	1530942236	1752249240	9161410
70	1530942184	1752249045	9161410
69	1530942180	1752249033	9161410
68	1530942111	1752248865	9161410
67	1530942068	1752248807	9161410
66	1530845882	1751786703	9161410
65	1530845844	1751786529	9161410
64	1530845834	1751786440	9161410
63	1530845691	1751785531	9161410
62	1530845630	1751785254	9161410
61	1530845413	1751784283	9161410
60	1530845397	1751784223	9161410
59	1530845371	1751784116	9161410
58	1530845357	1751784052	9161410
57	1530845308	1751783873	9161410
56	1530845283	1751783757	9161410
55	1530845264	1751783682	9161410
54	1530845239	1751783483	9161410
53	1530845214	1751783360	9161410
52	1530845160	1751783148	9161410
51	1530845048	1751782567	9161410
50	1530845035	1751782482	9161410
49	1530195183	1747836987	9161410
48	1530195110	1747836589	9161410
47	1530195107	1747836570	9161410
46	1530195099	1747836536	9161410
45	1530179141	1747696199	9161410
44	1530179130	1747696153	9161410
43	1530110328	1747206363	9161410
42	1530110325	1747206332	9161410
41	1530110322	1747206234	9161410
40	1530110309	1747206081	9161410
39	1529997346	1746651474	9161410
38	1529923316	1746417914	9161410
37	1529923280	1746417628	9161410
36	1529922659	1746414606	9161410
35	1529922645	1746414537	9161410
34	1529914093	1746367611	9161410
33	1529914061	1746367351	9161410
32	1529914036	1746367163	9161410
31	1529773419	1745945709	9161410
30	1529773389	1745945572	9161410
29	1529765759	1745907523	9161410
28	1529762826	1745895288	9161410
27	1529762798	1745895206	9161410
26	1529762769	1745895127	9161410
25	1529762594	1745894730	9161410
24	1529761938	1745892715	9161410
23	1529761935	1745892682	9161410
22	1529761932	1745892646	9161410
21	1529761918	1745892425	9161410
20	1529761912	1745892357	9161410
19	1529614889	1745686051	9161410
18	1529614838	1745685639	9161410
17	1529614824	1745685588	9161410
16	1529614686	1745684964	9161410
15	1529614652	1745684727	9161410
14	1529541182	1745538138	9161410
13	1529541150	1745537865	9161410
12	1529540856	1745535608	9161410
11	1529540852	1745535546	9161410
10	1529540764	1745535037	9161410
9	1529540759	1745534977	9161410
8	1529540724	1745534856	9161410
7	1529527850	1745465886	9161410
6	1529527574	1745460922	9161410
5	1529526709	1745448535	9161410
4	1529526701	1745448408	9161410
3	1529526633	1745448058	9161410
2	1529526631	1745448042	9161410
1	1529526627	1745448022	9161410
0	1529526588	1745447694	9161410
