slug: top-rated-extended
title: "Top Rated Extended"
tags: ["supplemental"]
25	1358290044	1607545311	3118961
24	1356847119	1602962933	3118961
23	1288999474	1595796530	3118961
22	1288970006	1595796056	3118961
21	1061609748	1585518370	3118961
20	1061606752	1585518322	3118961
19	1061605877	1585518310	3118961
18	1061605284	1585518302	3118961
17	1051017828	1585237773	3118961
16	1051017640	1585237485	3118961
15	1051017567	1585237301	3118961
14	902941198	1565707670	3118961
13	902941178	1565707565	3118961
12	902941102	1565707393	3118961
11	897657909	1564696061	3118961
10	844832055	1558037109	3118961
9	806664648	1556650696	3118961
8	682415115	1552441586	3118961
7	682415105	1552441551	3118961
6	635898582	1548439859	3118961
5	632892419	1548172058	3118961
4	632883419	1548171869	3118961
3	632882051	1548171824	3118961
2	546002814	1546225884	3118961
1	544933883	1546210114	3118961
0	544826691	1546208675	3118961
