slug: system:join
title: "Become an ADR Member"
tags: []
16	1514094524	1695263734	4632971
15	1514094520	1695263717	4632971
14	1514094518	1695263709	4632971
13	1514094516	1695263694	4632971
12	1514094505	1695263658	4632971
11	1513810512	1694170618	4632971
10	1513198704	1692759712	4632971
9	1513150304	1692665987	4632971
8	1513150262	1692665839	4632971
7	1513150259	1692665815	4632971
6	1513150250	1692665760	4632971
5	1513150246	1692665706	4632971
4	1513150134	1692665201	4632971
3	1513149819	1692663305	4632971
2	1512520364	1690411450	4632971
1	1512520326	1690411226	4632971
0	1512492968	1690306139	4632971
