slug: nav:top
title: "Top Navigation"
tags: []
54	1539810299	1763813328	4632971
53	1539808679	1763809548	4632971
52	1539764075	1763646050	4632971
51	1539764069	1763646025	4632971
50	1539705569	1763464914	4632971
49	1539705440	1763464419	4632971
48	1539705305	1763463784	4632971
47	1539316079	1762891333	4632971
46	1533160338	1761143147	4632971
45	1533160047	1761141906	4632971
44	1533160028	1761141797	4632971
43	1533159987	1761141611	4632971
42	1533159911	1761141218	4632971
41	1514068385	1695174724	4632971
40	1513773251	1694139430	4632971
39	1513764346	1694102543	4632971
38	1513309616	1693009438	4632971
37	1513306100	1692989508	4632971
36	1513305630	1692987594	4632971
35	1513305609	1692987481	4632971
34	1513305602	1692987466	4632971
33	1513303935	1692979807	4632971
32	1513303927	1692979772	4632971
31	1513303916	1692979727	4632971
30	1513303865	1692979459	4632971
29	1513303840	1692979358	4632971
28	1513303712	1692978829	4632971
27	1513285524	1692909818	4632971
26	1513269354	1692866458	4632971
25	1513269296	1692866254	4632971
24	1513243114	1692798570	4632971
23	1513243110	1692798553	4632971
22	1513206434	1692789759	4632971
21	1513206097	1692788653	4632971
20	1513205998	1692788125	4632971
19	1513205676	1692786544	4632971
18	1513205645	1692786412	4632971
17	1513205640	1692786385	4632971
16	1513205494	1692785937	4632971
15	1513205455	1692785871	4632971
14	1513205453	1692785860	4632971
13	1513205449	1692785846	4632971
12	1513205446	1692785824	4632971
11	1513205162	1692784654	4632971
10	1513205062	1692784468	4632971
9	1513204947	1692784140	4632971
8	1513204942	1692784125	4632971
7	1513204927	1692784031	4632971
6	1513198734	1692759904	4632971
5	1513150100	1692664831	4632971
4	1513141823	1692624970	4632971
3	1513141785	1692624842	4632971
2	1513141680	1692624477	4632971
1	1513124409	1692551150	4632971
0	1512492966	1690306139	4632971
