slug: theme:site
title: "theme:site"
tags: []
522	1539815146	1763823729	4632971
521	1539815082	1763823603	4632971
520	1539815069	1763823569	4632971
519	1539815001	1763823432	4632971
518	1539814934	1763823290	4632971
517	1539814808	1763823054	4632971
516	1539814787	1763823016	4632971
515	1539814656	1763822741	4632971
514	1539814617	1763822678	4632971
513	1539814535	1763822523	4632971
512	1539814513	1763822478	4632971
511	1539814473	1763822416	4632971
510	1539814317	1763822076	4632971
509	1539814288	1763822001	4632971
508	1539814169	1763821703	4632971
507	1539814113	1763821636	4632971
506	1539814055	1763821519	4632971
505	1539813991	1763821398	4632971
504	1539813835	1763821087	4632971
503	1539813820	1763821058	4632971
502	1539813811	1763821037	4632971
501	1539813798	1763821011	4632971
500	1539813736	1763820865	4632971
499	1539813710	1763820802	4632971
498	1539813522	1763820365	4632971
497	1539813348	1763820062	4632971
496	1539813334	1763820037	4632971
495	1539813006	1763819321	4632971
494	1539812945	1763819202	4632971
493	1539812929	1763819172	4632971
492	1539812898	1763819094	4632971
491	1539812684	1763818606	4632971
490	1539812652	1763818541	4632971
489	1539812632	1763818494	4632971
488	1539812561	1763818391	4632971
487	1539812090	1763817308	4632971
486	1539812078	1763817276	4632971
485	1539811888	1763816812	4632971
484	1539811848	1763816728	4632971
483	1539811701	1763816353	4632971
482	1539811680	1763816306	4632971
481	1539811226	1763815369	4632971
480	1539811045	1763814932	4632971
479	1539810569	1763813977	4632971
478	1539810193	1763813001	4632971
477	1539810165	1763812942	4632971
476	1539810124	1763812834	4632971
475	1539810030	1763812634	4632971
474	1539809863	1763812192	4632971
473	1539809428	1763811149	4632971
472	1539809068	1763810351	4632971
471	1539808834	1763809849	4632971
470	1539808623	1763809410	4632971
469	1539793690	1763775089	4632971
468	1539793600	1763774833	4632971
467	1539793551	1763774712	4632971
466	1539790684	1763759561	4632971
465	1539790680	1763759525	4632971
464	1539790678	1763759506	4632971
463	1539790508	1763759054	4632971
462	1539790468	1763758985	4632971
461	1539790082	1763757379	4632971
460	1539789995	1763756995	4632971
459	1539789943	1763756701	4632971
458	1539789934	1763756635	4632971
457	1539789887	1763756380	4632971
456	1539789767	1763755925	4632971
455	1539701582	1763449965	4632971
454	1539701502	1763449833	4632971
453	1533662165	1761481923	4632971
452	1533651914	1761478712	4632971
451	1533651495	1761478548	4632971
450	1533651243	1761478442	4632971
449	1533651073	1761478366	4632971
448	1533650867	1761478294	4632971
447	1533650643	1761478201	4632971
446	1533650130	1761477988	4632971
445	1533649546	1761477739	4632971
444	1533648455	1761477326	4632971
443	1533647902	1761477123	4632971
442	1533647520	1761476975	4632971
441	1533647382	1761476918	4632971
440	1533646997	1761476780	4632971
439	1533646634	1761476656	4632971
438	1533646205	1761476502	4632971
437	1533646079	1761476452	4632971
436	1533645861	1761476371	4632971
435	1533645492	1761476253	4632971
434	1533645046	1761476126	4632971
433	1533644818	1761476045	4632971
432	1533644717	1761476005	4632971
431	1533644642	1761475972	4632971
430	1533644305	1761475858	4632971
429	1533643615	1761475627	4632971
428	1533643324	1761475502	4632971
427	1533643022	1761475395	4632971
426	1533641364	1761474771	4632971
425	1533641110	1761474671	4632971
424	1533180978	1761245620	4632971
423	1533180953	1761245373	4632971
422	1533180931	1761245197	4632971
421	1533180882	1761244878	4632971
420	1533180748	1761244515	4632971
419	1533180608	1761243701	4632971
418	1533180533	1761243187	4632971
417	1533180442	1761242582	4632971
416	1533179205	1761237325	4632971
415	1533178635	1761234371	4632971
414	1533178557	1761234160	4632971
413	1533178488	1761233828	4632971
412	1533178361	1761233507	4632971
411	1533178276	1761233227	4632971
410	1533178200	1761232980	4632971
409	1533178190	1761232923	4632971
408	1533178163	1761232829	4632971
407	1533178151	1761232766	4632971
406	1533178124	1761232674	4632971
405	1533178093	1761232557	4632971
404	1533177917	1761232040	4632971
403	1533177854	1761231830	4632971
402	1533177818	1761231710	4632971
401	1533177210	1761230175	4632971
400	1533176992	1761229440	4632971
399	1533160476	1761143622	4632971
398	1533160366	1761143243	4632971
397	1533160218	1761142758	4632971
396	1533160158	1761142401	4632971
395	1533160096	1761142114	4632971
394	1513774917	1694148052	4632971
393	1513774911	1694148018	4632971
392	1513773281	1694139480	4632971
391	1513773245	1694139372	4632971
390	1513773232	1694139329	4632971
389	1513773227	1694139272	4632971
388	1513762433	1694097289	4632971
387	1513354501	1693160356	4632971
386	1513354484	1693160217	4632971
385	1513354452	1693159997	4632971
384	1513354414	1693159939	4632971
383	1513354357	1693159738	4632971
382	1513354308	1693159417	4632971
381	1513321226	1693056603	4632971
380	1513321215	1693056568	4632971
379	1513321179	1693056416	4632971
378	1513321131	1693056196	4632971
377	1513321088	1693056064	4632971
376	1513320500	1693053999	4632971
375	1513320487	1693053943	4632971
374	1513320479	1693053875	4632971
373	1513320462	1693053821	4632971
372	1513320429	1693053712	4632971
371	1513320417	1693053686	4632971
370	1513320407	1693053649	4632971
369	1513320403	1693053616	4632971
368	1513320391	1693053592	4632971
367	1513320389	1693053564	4632971
366	1513320374	1693053484	4632971
365	1513320357	1693053414	4632971
364	1513320230	1693053135	4632971
363	1513320211	1693053073	4632971
362	1513320206	1693053046	4632971
361	1513320190	1693053001	4632971
360	1513320185	1693052975	4632971
359	1513320174	1693052933	4632971
358	1513320158	1693052882	4632971
357	1513320142	1693052842	4632971
356	1513320026	1693052756	4632971
355	1513320010	1693052684	4632971
354	1513320002	1693052650	4632971
353	1513319982	1693052606	4632971
352	1513319969	1693052550	4632971
351	1513319931	1693052424	4632971
350	1513319916	1693052388	4632971
349	1513319907	1693052364	4632971
348	1513319731	1693051889	4632971
347	1513319727	1693051872	4632971
346	1513319636	1693051692	4632971
345	1513319611	1693051622	4632971
344	1513319593	1693051567	4632971
343	1513319488	1693051257	4632971
342	1513319449	1693051112	4632971
341	1513319404	1693051056	4632971
340	1513319394	1693051020	4632971
339	1513319372	1693050928	4632971
338	1513319363	1693050887	4632971
337	1513319351	1693050847	4632971
336	1513319341	1693050812	4632971
335	1513319318	1693050713	4632971
334	1513319314	1693050689	4632971
333	1513319308	1693050656	4632971
332	1513319266	1693050599	4632971
331	1513319263	1693050571	4632971
330	1513319256	1693050553	4632971
329	1513319236	1693050441	4632971
328	1513319230	1693050382	4632971
327	1513319221	1693050336	4632971
326	1513319172	1693050254	4632971
325	1513319147	1693050109	4632971
324	1513319127	1693050045	4632971
323	1513319115	1693049998	4632971
322	1513319099	1693049942	4632971
321	1513319082	1693049865	4632971
320	1513319072	1693049822	4632971
319	1513319055	1693049720	4632971
318	1513319009	1693049502	4632971
317	1513318996	1693049456	4632971
316	1513318991	1693049439	4632971
315	1513318948	1693049262	4632971
314	1513308879	1693005815	4632971
313	1513308873	1693005792	4632971
312	1513308868	1693005747	4632971
311	1513305424	1692986489	4632971
310	1513305421	1692986462	4632971
309	1513305400	1692986314	4632971
308	1513305377	1692986187	4632971
307	1513305361	1692986083	4632971
306	1513305335	1692985959	4632971
305	1513305300	1692985798	4632971
304	1513305295	1692985768	4632971
303	1513305271	1692985645	4632971
302	1513305162	1692985324	4632971
301	1513305159	1692985310	4632971
300	1513304999	1692984485	4632971
299	1513304927	1692984433	4632971
298	1513304925	1692984416	4632971
297	1513304918	1692984362	4632971
296	1513304909	1692984319	4632971
295	1513304771	1692983914	4632971
294	1513304758	1692983863	4632971
293	1513304749	1692983816	4632971
292	1513304742	1692983781	4632971
291	1513304710	1692983613	4632971
290	1513304695	1692983513	4632971
289	1513304680	1692983439	4632971
288	1513304665	1692983266	4632971
287	1513304629	1692983054	4632971
286	1513304619	1692983005	4632971
285	1513304536	1692982746	4632971
284	1513304524	1692982646	4632971
283	1513304512	1692982564	4632971
282	1513304509	1692982542	4632971
281	1513304503	1692982517	4632971
280	1513304492	1692982433	4632971
279	1513304485	1692982410	4632971
278	1513304377	1692981862	4632971
277	1513304373	1692981821	4632971
276	1513304367	1692981794	4632971
275	1513304350	1692981650	4632971
274	1513304342	1692981610	4632971
273	1513304319	1692981533	4632971
272	1513304311	1692981489	4632971
271	1513304302	1692981442	4632971
270	1513304268	1692981264	4632971
269	1513304183	1692980649	4632971
268	1513304060	1692980198	4632971
267	1513304053	1692980157	4632971
266	1513304035	1692980101	4632971
265	1513304031	1692980088	4632971
264	1513304022	1692980071	4632971
263	1513304019	1692980049	4632971
262	1513304011	1692980025	4632971
261	1513304005	1692979998	4632971
260	1513303994	1692979970	4632971
259	1513303986	1692979928	4632971
258	1513303951	1692979895	4632971
257	1513303949	1692979878	4632971
256	1513303890	1692979579	4632971
255	1513303622	1692978303	4632971
254	1513303601	1692978219	4632971
253	1513303565	1692978080	4632971
252	1513303470	1692977808	4632971
251	1513303398	1692977536	4632971
250	1513303387	1692977499	4632971
249	1513303381	1692977480	4632971
248	1513303348	1692977352	4632971
247	1513303336	1692977316	4632971
246	1513303333	1692977295	4632971
245	1513303321	1692977259	4632971
244	1513303316	1692977238	4632971
243	1513303269	1692977074	4632971
242	1513303245	1692976990	4632971
241	1513303224	1692976912	4632971
240	1513303152	1692976612	4632971
239	1513303118	1692976505	4632971
238	1513303104	1692976441	4632971
237	1513303089	1692976399	4632971
236	1513303085	1692976375	4632971
235	1513303054	1692976354	4632971
234	1513303037	1692976252	4632971
233	1513303010	1692976114	4632971
232	1513302931	1692976006	4632971
231	1513302927	1692975983	4632971
230	1513302916	1692975942	4632971
229	1513302758	1692975188	4632971
228	1513302664	1692974813	4632971
227	1513302647	1692974696	4632971
226	1513302624	1692974615	4632971
225	1513302587	1692974507	4632971
224	1513302577	1692974431	4632971
223	1513302570	1692974411	4632971
222	1513302545	1692974303	4632971
221	1513302529	1692974266	4632971
220	1513302448	1692973997	4632971
219	1513302428	1692973959	4632971
218	1513302414	1692973916	4632971
217	1513302388	1692973855	4632971
216	1513302346	1692973673	4632971
215	1513302174	1692973192	4632971
214	1513302109	1692973077	4632971
213	1513302102	1692973037	4632971
212	1513302056	1692972921	4632971
211	1513302042	1692972861	4632971
210	1513301512	1692971181	4632971
209	1513301505	1692971162	4632971
208	1513301428	1692971041	4632971
207	1513301339	1692970706	4632971
206	1513301233	1692970529	4632971
205	1513301198	1692970419	4632971
204	1513301193	1692970400	4632971
203	1513301163	1692970270	4632971
202	1513301137	1692970093	4632971
201	1513301089	1692970048	4632971
200	1513301084	1692970032	4632971
199	1513301076	1692969986	4632971
198	1513301072	1692969969	4632971
197	1513301041	1692969821	4632971
196	1513301004	1692969593	4632971
195	1513301000	1692969584	4632971
194	1513300988	1692969541	4632971
193	1513300974	1692969499	4632971
192	1513300961	1692969478	4632971
191	1513300924	1692969326	4632971
190	1513300923	1692969295	4632971
189	1513300914	1692969257	4632971
188	1513300902	1692969238	4632971
187	1513300889	1692969197	4632971
186	1513300873	1692969121	4632971
185	1513300848	1692969009	4632971
184	1513300658	1692968304	4632971
183	1513300627	1692968182	4632971
182	1513300546	1692967979	4632971
181	1513300525	1692967917	4632971
180	1513300494	1692967815	4632971
179	1513300404	1692967607	4632971
178	1513300386	1692967541	4632971
177	1513300379	1692967519	4632971
176	1513300361	1692967467	4632971
175	1513300354	1692967444	4632971
174	1513300343	1692967426	4632971
173	1513300334	1692967390	4632971
172	1513300224	1692966981	4632971
171	1513300138	1692966924	4632971
170	1513300130	1692966879	4632971
169	1513300090	1692966701	4632971
168	1513300083	1692966659	4632971
167	1513300074	1692966610	4632971
166	1513300040	1692966443	4632971
165	1513300015	1692966399	4632971
164	1513299991	1692966329	4632971
163	1513299945	1692966168	4632971
162	1513299938	1692966155	4632971
161	1513299935	1692966144	4632971
160	1513299920	1692966082	4632971
159	1513299917	1692966066	4632971
158	1513299909	1692966028	4632971
157	1513299905	1692966016	4632971
156	1513299847	1692965770	4632971
155	1513299845	1692965757	4632971
154	1513299834	1692965717	4632971
153	1513299799	1692965571	4632971
152	1513299795	1692965554	4632971
151	1513299758	1692965406	4632971
150	1513299672	1692964986	4632971
149	1513299645	1692964812	4632971
148	1513299592	1692964730	4632971
147	1513299571	1692964646	4632971
146	1513299538	1692964512	4632971
145	1513299527	1692964469	4632971
144	1513299506	1692964360	4632971
143	1513299496	1692964267	4632971
142	1513299468	1692964136	4632971
141	1513299426	1692964019	4632971
140	1513299418	1692963999	4632971
139	1513299398	1692963943	4632971
138	1513299390	1692963923	4632971
137	1513299383	1692963905	4632971
136	1513299373	1692963873	4632971
135	1513299294	1692963530	4632971
134	1513299274	1692963470	4632971
133	1513299249	1692963369	4632971
132	1513299232	1692963311	4632971
131	1513299191	1692963165	4632971
130	1513299188	1692963150	4632971
129	1513299173	1692963109	4632971
128	1513299160	1692963079	4632971
127	1513299147	1692963040	4632971
126	1513299133	1692963004	4632971
125	1513299122	1692962953	4632971
124	1513299111	1692962830	4632971
123	1513299079	1692962676	4632971
122	1513299060	1692962621	4632971
121	1513299049	1692962569	4632971
120	1513298958	1692962282	4632971
119	1513298946	1692962234	4632971
118	1513298939	1692962204	4632971
117	1513298934	1692962184	4632971
116	1513298918	1692962125	4632971
115	1513298907	1692962083	4632971
114	1513298899	1692962069	4632971
113	1513298857	1692962038	4632971
112	1513298840	1692961966	4632971
111	1513298720	1692961823	4632971
110	1513298711	1692961797	4632971
109	1513298688	1692961675	4632971
108	1513298635	1692961424	4632971
107	1513298617	1692961352	4632971
106	1513298598	1692961254	4632971
105	1513298594	1692961217	4632971
104	1513298582	1692961171	4632971
103	1513298568	1692961121	4632971
102	1513298547	1692961025	4632971
101	1513298527	1692960928	4632971
100	1513298518	1692960894	4632971
99	1513298509	1692960849	4632971
98	1513298500	1692960824	4632971
97	1513298494	1692960799	4632971
96	1513298478	1692960755	4632971
95	1513298467	1692960710	4632971
94	1513298461	1692960686	4632971
93	1513298355	1692960611	4632971
92	1513298339	1692960577	4632971
91	1513297954	1692959905	4632971
90	1513297933	1692959793	4632971
89	1513297927	1692959752	4632971
88	1513297904	1692959582	4632971
87	1513297893	1692959524	4632971
86	1513297596	1692958321	4632971
85	1513297557	1692958178	4632971
84	1513244928	1692804167	4632971
83	1513244650	1692803491	4632971
82	1513150073	1692664659	4632971
81	1513149907	1692663900	4632971
80	1513149896	1692663809	4632971
79	1513149891	1692663745	4632971
78	1513149874	1692663561	4632971
77	1512540432	1690471499	4632971
76	1512540428	1690471468	4632971
75	1512540415	1690471431	4632971
74	1512540406	1690471396	4632971
73	1512540401	1690471375	4632971
72	1512540397	1690471340	4632971
71	1512540252	1690470592	4632971
70	1512540238	1690470494	4632971
69	1512540188	1690470253	4632971
68	1512540170	1690470171	4632971
67	1512540149	1690470048	4632971
66	1512540138	1690469995	4632971
65	1512540115	1690469880	4632971
64	1512540103	1690469826	4632971
63	1512540102	1690469811	4632971
62	1512540066	1690469624	4632971
61	1512540040	1690469497	4632971
60	1512540037	1690469485	4632971
59	1512540035	1690469478	4632971
58	1512540029	1690469457	4632971
57	1512540028	1690469445	4632971
56	1512540025	1690469437	4632971
55	1512540021	1690469423	4632971
54	1512540010	1690469378	4632971
53	1512540006	1690469369	4632971
52	1512532340	1690446307	4632971
51	1512532328	1690446223	4632971
50	1512532134	1690445743	4632971
49	1512532126	1690445696	4632971
48	1512532039	1690445532	4632971
47	1512531901	1690445093	4632971
46	1512531861	1690444868	4632971
45	1512531585	1690444304	4632971
44	1512531582	1690444284	4632971
43	1512531526	1690444264	4632971
42	1512531522	1690444238	4632971
41	1512531465	1690444211	4632971
40	1512531376	1690444146	4632971
39	1512531369	1690444121	4632971
38	1512531331	1690444102	4632971
37	1512531324	1690444093	4632971
36	1512531260	1690443995	4632971
35	1512496453	1690328265	4632971
34	1512496438	1690328163	4632971
33	1512496437	1690328149	4632971
32	1512496432	1690328133	4632971
31	1512496425	1690328114	4632971
30	1512496405	1690327979	4632971
29	1512496402	1690327967	4632971
28	1512496369	1690327947	4632971
27	1512496367	1690327939	4632971
26	1512496334	1690327914	4632971
25	1512496326	1690327877	4632971
24	1512496312	1690327816	4632971
23	1512496308	1690327791	4632971
22	1512496289	1690327690	4632971
21	1512496285	1690327672	4632971
20	1512496033	1690326085	4632971
19	1512495905	1690325129	4632971
18	1512495902	1690325115	4632971
17	1512495877	1690324823	4632971
16	1512495869	1690324791	4632971
15	1512495843	1690324438	4632971
14	1512495841	1690324423	4632971
13	1512495830	1690324337	4632971
12	1512495817	1690324173	4632971
11	1512495804	1690324090	4632971
10	1512495792	1690323928	4632971
9	1512495790	1690323908	4632971
8	1512495778	1690323778	4632971
7	1512495776	1690323767	4632971
6	1512495767	1690323719	4632971
5	1512495765	1690323703	4632971
4	1512495760	1690323635	4632971
3	1512495744	1690323531	4632971
2	1512495693	1690323346	4632971
1	1512493719	1690309728	4632971
0	1512493098	1690306912	4632971
