slug: _template
title: "_template"
tags: []
104	1512525519	1690429427	4632971
103	1512525509	1690429398	4632971
102	1512512390	1690379410	4632971
101	1512512386	1690379396	4632971
100	1512512384	1690379386	4632971
99	1512512382	1690379378	4632971
98	1512512380	1690379370	4632971
97	1512512377	1690379361	4632971
96	1512512374	1690379347	4632971
95	1512512371	1690379340	4632971
94	1512512283	1690379226	4632971
93	1512512280	1690379219	4632971
92	1512512274	1690379195	4632971
91	1512512268	1690379171	4632971
90	1512512262	1690379158	4632971
89	1512512223	1690378985	4632971
88	1512512222	1690378974	4632971
87	1512512191	1690378865	4632971
86	1512512190	1690378855	4632971
85	1512512184	1690378824	4632971
84	1512512179	1690378809	4632971
83	1512512165	1690378772	4632971
82	1512512134	1690378754	4632971
81	1512512133	1690378741	4632971
80	1512512132	1690378729	4632971
79	1512512129	1690378714	4632971
78	1512512112	1690378647	4632971
77	1512512095	1690378613	4632971
76	1512512036	1690378521	4632971
75	1512512032	1690378509	4632971
74	1512512030	1690378496	4632971
73	1512512021	1690378466	4632971
72	1512512015	1690378455	4632971
71	1512512012	1690378448	4632971
70	1512511969	1690378422	4632971
69	1512511964	1690378413	4632971
68	1512511958	1690378401	4632971
67	1512511956	1690378378	4632971
66	1512511953	1690378365	4632971
65	1512511950	1690378354	4632971
64	1512511898	1690378223	4632971
63	1512511887	1690378197	4632971
62	1512511882	1690378182	4632971
61	1512511879	1690378167	4632971
60	1512511781	1690377975	4632971
59	1512511774	1690377955	4632971
58	1512511769	1690377945	4632971
57	1512511722	1690377733	4632971
56	1512511714	1690377705	4632971
55	1512511705	1690377609	4632971
54	1512511704	1690377605	4632971
53	1512511698	1690377600	4632971
52	1512511691	1690377568	4632971
51	1512511679	1690377536	4632971
50	1512511673	1690377511	4632971
49	1512511661	1690377477	4632971
48	1512510939	1690375274	4632971
47	1512510928	1690375244	4632971
46	1512510912	1690375200	4632971
45	1512510849	1690375107	4632971
44	1512510841	1690375089	4632971
43	1512510771	1690374983	4632971
42	1512510769	1690374972	4632971
41	1512510759	1690374959	4632971
40	1512510754	1690374946	4632971
39	1512510741	1690374912	4632971
38	1512510739	1690374903	4632971
37	1512510736	1690374895	4632971
36	1512510734	1690374887	4632971
35	1512510731	1690374864	4632971
34	1512510728	1690374847	4632971
33	1512510717	1690374809	4632971
32	1512510707	1690374759	4632971
31	1512510700	1690374735	4632971
30	1512510687	1690374704	4632971
29	1512510658	1690374590	4632971
28	1512510634	1690374508	4632971
27	1512510627	1690374486	4632971
26	1512510603	1690374389	4632971
25	1512510590	1690374362	4632971
24	1512510027	1690372966	4632971
23	1512510016	1690372930	4632971
22	1512510013	1690372918	4632971
21	1512510011	1690372912	4632971
20	1512510003	1690372890	4632971
19	1512509997	1690372882	4632971
18	1512509991	1690372860	4632971
17	1512509988	1690372840	4632971
16	1512509980	1690372809	4632971
15	1512509972	1690372791	4632971
14	1512509883	1690372382	4632971
13	1512509833	1690372254	4632971
12	1512509799	1690372081	4632971
11	1512509795	1690372068	4632971
10	1512509788	1690372036	4632971
9	1512509747	1690371922	4632971
8	1512509745	1690371910	4632971
7	1512509743	1690371899	4632971
6	1512509741	1690371890	4632971
5	1512509738	1690371878	4632971
4	1512509734	1690371854	4632971
3	1512509725	1690371796	4632971
2	1512509720	1690371778	4632971
1	1512509717	1690371764	4632971
0	1512509704	1690371694	4632971
