slug: the-aberrant-treasures-of-the-caribbean-deep
title: "The Aberrant Treasures Of The Caribbean Deep"
tags: ["event"]
70	1496009268	1664841333	5258122
69	1496009261	1664841256	5258122
68	1496009249	1664841119	5258122
67	1496009213	1664841050	5258122
66	1496009050	1664840404	5258122
65	1496009046	1664840373	5258122
64	1495659334	1663794722	3118961
63	1495657256	1663787355	3118961
62	1488480271	1661601043	3118961
61	1479865834	1660178871	5258122
60	1479223903	1658540827	3970162
59	1479209261	1658503069	5258122
58	1479071495	1658124380	5258122
57	1479044453	1658068496	5258122
56	1479031174	1658013869	5258122
55	1479031139	1658013833	5258122
54	1479030941	1658012578	5258122
53	1479030898	1658012232	3672751
52	1479030734	1658010625	3672751
51	1479030573	1658009778	5258122
50	1479030535	1658009577	5258122
49	1479030532	1658009570	5258122
48	1479030530	1658009563	5258122
47	1479030527	1658009557	5258122
46	1479030525	1658009551	5258122
45	1479030522	1658009545	5258122
44	1479030519	1658009536	5258122
43	1479030515	1658009530	5258122
42	1479030512	1658009524	5258122
41	1479030510	1658009517	5258122
40	1479030505	1658009511	5258122
39	1479030503	1658009504	5258122
38	1479030501	1658009498	5258122
37	1479030499	1658009492	5258122
36	1479030494	1658009477	5258122
35	1479030492	1658009469	5258122
34	1479030489	1658009462	5258122
33	1479030486	1658009454	5258122
32	1479030483	1658009449	5258122
31	1479030481	1658009442	5258122
30	1479030479	1658009434	5258122
29	1479030476	1658009427	5258122
28	1479030473	1658009421	5258122
27	1479030460	1658009278	5258122
26	1479030456	1658009244	5258122
25	1479030452	1658009165	5258122
24	1479030450	1658009121	5258122
23	1479030448	1658009108	5258122
22	1479030444	1658009090	5258122
21	1479030441	1658009069	5258122
20	1479030437	1658009055	5258122
19	1479030435	1658009038	5258122
18	1479030433	1658009022	5258122
17	1479030426	1658008953	5258122
16	1479030425	1658008933	5258122
15	1479030422	1658008897	5258122
14	1479030419	1658008853	5258122
13	1479030415	1658008827	5258122
12	1479030413	1658008809	5258122
11	1479030409	1658008795	5258122
10	1479030401	1658008751	5258122
9	1479030399	1658008739	5258122
8	1479030398	1658008727	5258122
7	1479030394	1658008700	5258122
6	1479030391	1658008660	5258122
5	1479030389	1658008644	5258122
4	1479030386	1658008631	5258122
3	1479030384	1658008619	5258122
2	1479030328	1658008385	5258122
1	1479030327	1658008372	5258122
0	1479030273	1658008099	4365296
