slug: branches
title: "International Authority Branches"
tags: ["collaboration", "lore"]
33	1526682512	1734009343	9487909
32	1518573827	1708825683	2947029
31	1513751414	1694057669	2947029
30	1513751404	1694057416	2947029
29	1513751400	1694057389	2947029
28	1513751399	1694057377	2947029
27	1513751398	1694057364	2947029
26	1508416945	1678511048	7271260
25	1508290017	1677937338	5982545
24	1507811482	1676716442	7271260
23	1507271977	1675611391	2947029
22	1507271564	1675610075	2947029
21	1496024108	1664881485	2947029
20	1495511311	1663442543	2776183
19	1495511306	1663442470	2776183
18	1495511305	1663442460	2776183
17	1495501109	1663417321	2947029
16	1481881612	1661144495	2947029
15	1481399900	1661116559	2947029
14	1480218660	1661094899	2947029
13	1480218615	1661094874	2947029
12	1480218603	1661094847	2947029
11	1480218595	1661094831	2947029
10	1480218581	1661094799	2947029
9	1480218513	1661094740	2947029
8	1480218510	1661094722	2947029
7	1480218501	1661094701	2947029
6	1480218493	1661094675	2947029
5	1480218479	1661094629	2947029
4	1480218468	1661094613	2947029
3	1480218455	1661094574	2947029
2	1480218377	1661094535	2947029
1	1480218366	1661094496	2947029
0	1480218337	1661094406	2947029
