slug: reality-structure
title: "Структура реальности"
tags: ["СтруктураРеальности"]
24	1357125866	1603469250	6037747
23	1311989933	1598044808	4518363
22	1311989830	1598044502	4518363
21	1311989817	1598044465	4518363
20	1311989796	1598044412	4518363
19	1311988813	1598041812	4518363
18	1276418051	1595598615	4518363
17	1096503911	1590069209	4518363
16	1084580528	1588939750	4518363
15	1075417839	1588151061	4518363
14	1075357737	1588011216	4518363
13	1073466513	1586864940	4518363
12	1073063501	1586202968	4518363
11	1073063434	1586202859	4518363
10	1073017781	1586079785	4518363
9	1073009058	1586036870	4518363
8	1034697682	1581336706	4518363
7	1034654367	1581159931	4518363
6	1034649473	1581142319	4518363
5	1034641594	1581108273	4518363
4	1034641558	1581108196	4518363
3	1034641451	1581107690	4518363
2	1034641428	1581107545	4518363
1	1034640921	1581105750	4518363
0	1034637417	1581094214	4518363
