slug: archive:reality-structure-by-the-ordinary
title: "Реальность (Обычная версия)"
tags: ["СтруктураРеальности"]
14	1357125874	1603469280	6037747
13	1035417253	1581791539	4518363
12	1034681850	1581273408	5206754
11	1034681780	1581273055	5206754
10	1034681690	1581272768	5206754
9	1034681631	1581272487	5206754
8	1034681237	1581271022	5206754
7	1034681179	1581270782	5206754
6	1034680389	1581268509	5206754
5	1034680383	1581268463	5206754
4	1034680373	1581268412	5206754
3	1034679442	1581265898	5206754
2	1034679418	1581265770	5206754
1	1034679394	1581265601	5206754
0	1034679380	1581265522	5206754
