slug: rpc-742
title: "RPC-742"
tags: ["academy", "alpha", "contact-hazard", "emotional-hazard", "rpc", "white"]
12	1530170010	1747628416	6371726
11	1530170004	1747628371	6371726
10	1515890217	1699510881	6371726
9	1515890211	1699510817	6371726
8	1510102854	1683516081	1619464
7	1510102852	1683516048	1619464
6	1311103549	1596562448	3118961
5	1073013192	1586061779	4268005
4	1073013167	1586061610	4268005
3	1073013148	1586061458	4268005
2	1073013139	1586061398	4268005
1	1073013129	1586061321	4268005
0	1073013121	1586061257	4268005
