slug: rpc-392
title: "RPC-392"
tags: ["extra-dimensional-hazard", "ideological-hazard", "rpc", "sapient-hazard", "sensory-hazard", "theta", "visual-hazard", "white"]
25	1528537139	1742447334	3050074
24	1528537133	1742447239	3050074
23	1362076783	1617729776	3672751
22	1362076781	1617729751	3672751
21	1356846485	1602961012	3118961
20	1073368254	1586791115	3005422
19	1073368249	1586791086	3005422
18	1073367831	1586790404	3005422
17	1073367791	1586790221	3005422
16	1073367783	1586790180	3005422
15	1073367754	1586790072	3005422
14	1073117496	1586351395	3005422
13	1073098205	1586293875	5874010
12	1073093263	1586281669	3005422
11	1073092676	1586280484	3118961
10	1073070464	1586222550	2669891
9	1073063934	1586204008	3005422
8	1073063885	1586203930	3005422
7	1073060340	1586195457	3005422
6	1073060324	1586195385	3005422
5	1073060283	1586195230	3005422
4	1073059092	1586191001	3005422
3	1073059077	1586190933	3005422
2	1073056679	1586183237	3005422
1	1073043211	1586148481	3005422
0	1073043146	1586148212	3005422
