slug: rpc-670
title: "RPC-670"
tags: ["aggression-hazard", "aquatic-hazard", "cetaces-kin", "co-authored", "explosive-hazard", "gamma", "organic-hazard", "pcaao", "red", "regenerative-hazard", "rpc"]
9	1510404619	1684802076	6371726
8	1366193211	1622837099	3702925
7	1362080691	1617746011	3512728
6	1362080683	1617745969	3512728
5	1362080678	1617745949	3512728
4	1360108796	1614350279	7267085
3	1358757950	1609309408	2947029
2	1226968724	1594515384	3118961
1	1075255888	1587750102	3702925
0	1073156810	1586480333	5330965
