slug: act-777
title: "ACT-777"
tags: ["aep", "document", "goi-doc", "non-canon"]
12	1460213075	1650233149	3638389
11	1359476758	1611890464	3118961
10	1215271226	1593581858	3638389
9	1215009013	1592606799	5709409
8	1201349171	1592033297	4315330
7	1089653204	1589768279	4315330
6	1089603765	1589636426	4315330
5	1089603726	1589636326	4315330
4	1075274493	1587831080	3118961
3	1075274491	1587831073	3118961
2	1073826230	1587149911	4315330
1	1073533689	1586921435	4315330
0	1073533564	1586921293	4315330
