slug: black-site-hub
title: "Black Site Hub"
tags: ["hub", "lore"]
36	1533148251	1761071481	6371726
35	1523522868	1723059156	6371726
34	1523522867	1723059144	6371726
33	1523522860	1723059064	6371726
32	1523522857	1723059038	6371726
31	1510989189	1685823857	5982545
30	1461216405	1653455984	3118961
29	1460847288	1651733438	7271260
28	1365107205	1620956810	6723882
27	1365092905	1620866361	6723882
26	1358963083	1610183047	6264298
25	1357293594	1604174549	3118961
24	1356864080	1603028752	3118961
23	1356864024	1603028441	3118961
22	1202691070	1592069313	3646714
21	1198766321	1591985033	4318134
20	1096841907	1590088454	3672751
19	1096491554	1590037873	3646714
18	1089591854	1589612283	3646714
17	1089590886	1589609738	3646714
16	1089590870	1589609666	3646714
15	1089590735	1589609180	3646714
14	1089590649	1589608978	3646714
13	1086993425	1589338525	3646714
12	1086982773	1589338001	3646714
11	1086982690	1589337937	3646714
10	1085033518	1589298911	3646714
9	1085026329	1589294073	3646714
8	1085025878	1589293136	3646714
7	1085025811	1589292964	3646714
6	1084913843	1589083841	3646714
5	1073854619	1587241474	3118961
4	1073854600	1587241315	3118961
3	1073854552	1587241234	3118961
2	1073854508	1587241027	3118961
1	1073854506	1587241007	3118961
0	1073854504	1587241004	3118961
