slug: rpc-282
title: "RPC-282"
tags: ["aquatic-hazard", "beta", "cetaces-kin", "ecological-hazard", "organic-hazard", "rpc", "titanic-hazard", "white"]
15	1544063191	1779421326	3702925
14	1529165862	1744245302	2947029
13	1507596266	1676078615	3702925
12	1356691233	1602548017	3118961
11	1356130966	1601261196	3702925
10	1356130914	1601261004	3702925
9	1356130895	1601260872	3702925
8	1075257184	1587756136	3702925
7	1075158825	1587432298	3702925
6	1075152862	1587416770	3702925
5	1075063963	1587354045	3702925
4	1075062211	1587348980	3702925
3	1073860888	1587259590	3702925
2	1073860826	1587259433	3702925
1	1073860817	1587259396	3702925
0	1073860761	1587259303	3702925
