slug: rpc-267
title: "RPC-267"
tags: ["alpha", "children-of-nihil", "esoteric-hazard", "extra-dimensional-hazard", "info-hazard", "mind-regression-hazard", "nucorp", "remnants", "rpc", "translated", "transmutation-hazard", "visual-hazard", "yellow"]
15	1532209406	1757439479	5982545
14	1507760773	1676652770	7267085
13	1496163577	1665167794	6371726
12	1496163470	1665167623	6371726
11	1496163462	1665167588	6371726
10	1496163461	1665167581	6371726
9	1364854906	1620047188	7271260
8	1362078790	1617737164	3512728
7	1362078783	1617737141	3512728
6	1362064403	1617669942	2930589
5	1075185353	1587505297	2930589
4	1075185321	1587505189	2930589
3	1075185316	1587505155	2930589
2	1073904411	1587275313	2930589
1	1073904260	1587274868	2930589
0	1073904179	1587274684	2930589
