slug: rpc-298
title: "RPC-298"
tags: ["alpha", "amazing.co", "contact-hazard", "esoteric-hazard", "extreme-temperature-hazard", "rpc", "translated", "transmutation-hazard", "yellow"]
12	1509011788	1680025589	6371726
11	1509011782	1680025576	6371726
10	1508992071	1679990399	6371726
9	1508989865	1679976358	3050074
8	1362079256	1617739262	3512728
7	1362079251	1617739238	3512728
6	1224139898	1594132566	3722979
5	1224139658	1594131986	3803946
4	1167308207	1590659991	5502662
3	1157378299	1590572177	5502662
2	1157374169	1590572145	5502662
1	1157363967	1590572058	5502662
0	1157281889	1590571387	5502662
