slug: rpc-739
title: "RPC-739"
tags: ["aggression-hazard", "bio-hazard", "fail-safe", "gamma", "organic-hazard", "radiation-hazard", "red", "regenerative-hazard", "rpc", "translated", "transmutation-hazard"]
21	1527238336	1736801722	9487909
20	1527238249	1736801200	9487909
19	1527238245	1736801179	9487909
18	1523726650	1723648115	7271260
17	1518746541	1709355890	2947029
16	1359170406	1610805388	5716946
15	1357575986	1605166014	3118961
14	1357184346	1603683694	3118961
13	1048040956	1583324984	3118961
12	959498889	1569694286	3952836
11	957145705	1569407177	4981794
10	903015508	1565724701	2776183
9	903015472	1565724619	2776183
8	892585554	1563408008	2776183
7	856866282	1560936705	2776183
6	854137329	1560813330	5293995
5	853519434	1560792219	2776183
4	853516605	1560792137	2776183
3	853512301	1560792029	2776183
2	853509238	1560791918	2776183
1	853507808	1560791866	2776183
0	853507287	1560791854	2776183
