slug: rpc-131
title: "RPC-131"
tags: ["alpha", "co-authored", "contestwinner", "format-break", "gd-antc", "non-hazardous", "nucorp", "rpc", "top10", "translated", "white"]
27	1545113086	1783620919	3072892
26	1545112999	1783620506	3072892
25	1544790435	1782091111	7013424
24	1532295138	1757886519	9807395
23	1532240081	1757626587	5982545
22	1523000077	1720741302	5982545
21	1497874814	1669598652	6371726
20	1497874812	1669598631	6371726
19	1388145765	1641726274	4981794
18	1361167101	1616163055	5293995
17	1361166055	1616163040	5293995
16	1359078480	1610509141	3118961
15	1356696909	1602556057	3672751
14	1356696844	1602555971	3672751
13	1186886583	1591141736	3118961
12	1084935409	1589161445	3118961
11	1048150328	1583630987	3118961
10	1046915070	1582600651	3118961
9	1035403803	1581740355	3118961
8	1035403799	1581740339	3118961
7	1034499093	1580669585	3118961
6	1033842643	1578763688	3118961
5	1033762678	1578526421	3118961
4	1033762561	1578525997	3118961
3	980968547	1573702493	3118961
2	980968532	1573702393	3118961
1	980968523	1573702373	3118961
0	980968516	1573702332	3118961
