slug: lord-s-own
title: "Lords Own"
tags: ["sandbox"]
48	1085017914	1589278390	4392748
47	1073861650	1587263311	4392748
46	1073860306	1587257104	6295671
45	1073860304	1587257089	6295671
44	1073712639	1587113332	4392748
43	1073711727	1587110412	4392748
42	1073711700	1587110344	4392748
41	1073711658	1587110198	4392748
40	1073711518	1587109880	4392748
39	1073709951	1587106329	4392748
38	1073457665	1586857884	4392748
37	1073450760	1586852480	4392748
36	1073218799	1586677216	4392748
35	1073084534	1586260840	4392748
34	1073083330	1586257649	4392748
33	1073057208	1586185252	4392748
32	1073056550	1586182702	4392748
31	1073056497	1586182473	4392748
30	1073044858	1586153115	4293614
29	1073044856	1586153111	4293614
28	1073044853	1586153106	4293614
27	1073044852	1586153103	4293614
26	1073044851	1586153100	4293614
25	1073044849	1586153096	4293614
24	1073044846	1586153082	4293614
23	1073044843	1586153078	4293614
22	1073044841	1586153074	4293614
21	1073027677	1586114292	4392748
20	1073027644	1586114188	4392748
19	1073027638	1586114165	4392748
18	1073027621	1586114120	4392748
17	1073027221	1586112935	4392748
16	1073027193	1586112784	4392748
15	1073027170	1586112716	4392748
14	1073027167	1586112700	4392748
13	1073027155	1586112630	4392748
12	1073027146	1586112605	4392748
11	1073027107	1586112458	4392748
10	1073009914	1586042240	4293614
9	1073009910	1586042186	4293614
8	1073005416	1586023830	4392748
7	1073005367	1586023691	4392748
6	1073004719	1586021675	4392748
5	1073004707	1586021621	4392748
4	1073004701	1586021606	4392748
3	1073004687	1586021524	4392748
2	1073004675	1586021483	4392748
1	1073004585	1586021283	4392748
0	1073004549	1586021239	4392748
