slug: everlasting-child
title: "Everlasting child"
tags: ["sandbox"]
14	1075176258	1587481400	5865769
13	1075176218	1587481269	5865769
12	1075175297	1587478512	5865769
11	1075172141	1587470491	5865769
10	1075076108	1587384844	5865769
9	1075055399	1587332437	5865769
8	1073912300	1587301767	5865769
7	1073909455	1587292922	5865769
6	1073907454	1587286800	5865769
5	1073856042	1587246297	5865769
4	1073855756	1587245132	5865769
3	1073855739	1587245062	5865769
2	1073855667	1587244752	5865769
1	1073854902	1587243021	5865769
0	1073854444	1587240672	5865769
