slug: news-1
title: "Новости - до обновления"
tags: []
30	44635936	1388243283	754405
29	38158926	1369082985	754405
28	38158913	1369082832	754405
27	38096193	1368822678	754405
26	38021932	1368566159	754405
25	37697853	1367424502	754405
24	36006652	1362774711	754405
23	35842232	1362082518	754405
22	35205523	1359224822	754405
21	34815629	1357679436	754405
20	34590866	1356986909	754405
19	34311987	1356125011	754405
18	34080067	1355580476	754405
17	33095964	1351793406	754405
16	33076766	1351714397	754405
15	32945460	1351109860	754405
14	32673677	1349893008	754405
13	32573133	1349514056	754405
12	32452887	1349037173	754405
11	32160919	1347882553	754405
10	32125323	1347661021	754405
9	30625914	1339621393	754405
8	30136776	1336685000	1172670
7	30136717	1336684726	754405
6	29560310	1333226986	1172670
5	29560270	1333226516	1172670
4	29560258	1333226417	1172670
3	29492048	1332877612	754405
2	29234605	1331326077	754405
1	28743674	1328809671	754405
0	28234445	1326111666	754405
