slug: rpc-725
title: "RPC-725"
tags: ["alpha", "animated-hazard", "grouped-hazard", "rpc", "sentient-hazard", "translated", "white"]
33	1544484316	1780780114	5716946
32	1544483494	1780774112	5716946
31	1544483446	1780773840	5716946
30	1519414650	1712250300	5716946
29	1506295633	1672854861	5716946
28	1496163881	1665169568	6371726
27	1496163879	1665169559	6371726
26	1359198784	1610883674	5716946
25	1359198767	1610883607	5716946
24	1359198762	1610883579	5716946
23	1359198706	1610883376	5716946
22	1358420170	1607926196	5716946
21	1358420168	1607926181	5716946
20	1357777008	1605985702	5716946
19	1357515350	1604918255	5716946
18	1357515346	1604918243	5716946
17	1318649753	1598951272	5716946
16	1228393783	1594539425	5716946
15	1228389750	1594539388	5716946
14	1225386850	1594494768	3625466
13	1198196045	1591844137	3118961
12	1198196040	1591844117	3118961
11	1089597114	1589622526	5716946
10	1050595514	1584278284	5716946
9	1049871444	1584271533	5716946
8	1048480841	1584257903	5716946
7	1048479506	1584252750	5716946
6	1048478901	1584249862	5716946
5	1048467330	1584217361	5716946
4	1048467293	1584217234	5716946
3	1048467114	1584216871	5716946
2	1048467034	1584216666	5716946
1	1048466854	1584216192	5716946
0	1048466776	1584215973	5716946
