slug: component:authoritystuck-theme
title: "Authoritystuck Theme"
tags: ["theme"]
12	1529199052	1744419080	5982545
11	1528982333	1743492041	3638389
10	1528982314	1743491955	3638389
9	1528981742	1743489712	5258122
8	1528981718	1743489532	5258122
7	1528981708	1743489451	5258122
6	1528981704	1743489397	5258122
5	1528981693	1743489318	5258122
4	1528981685	1743489232	5258122
3	1528981683	1743489226	5258122
2	1528981679	1743489207	5258122
1	1528981666	1743489130	5258122
0	1528981619	1743489024	5258122
