slug: rpc-705
title: "RPC-705"
tags: ["aggression-hazard", "alpha", "animated-hazard", "orange", "organic-hazard", "regenerative-hazard", "rpc", "sentient-hazard", "utility", "visual-hazard"]
9	1530417445	1749343383	9564345
8	1529967714	1746468192	5982545
7	1529871829	1746231394	9564345
6	1529871777	1746231141	9564345
5	1529854833	1746164603	9564345
4	1529854689	1746164248	9564345
3	1529854536	1746163770	9564345
2	1529854509	1746163645	9564345
1	1529854491	1746163562	9564345
0	1529854302	1746162657	9564345
