slug: rpc-381
title: "RPC-381"
tags: ["aggression-hazard", "animated-hazard", "beta", "organic-hazard", "rpc", "sentient-hazard", "yellow"]
18	1530908963	1752073078	2533761
17	1530881606	1751979291	2533761
16	1530533103	1750077674	2533761
15	1530521128	1749999369	2533761
14	1530516859	1749982078	2533761
13	1530512843	1749959923	3050074
12	1530512840	1749959901	3050074
11	1530509419	1749942378	5982545
10	1530509410	1749942323	5982545
9	1530507250	1749926471	9564345
8	1530503179	1749901496	2533761
7	1530494607	1749845432	3050074
6	1530493695	1749837921	2533761
5	1530493683	1749837798	2533761
4	1530493677	1749837777	2533761
3	1530493674	1749837727	2533761
2	1530493648	1749837373	2533761
1	1530493645	1749837360	2533761
0	1530493642	1749837302	2533761
