slug: rpc-699
title: "RPC-699"
tags: ["bio-hazard", "contestwinner", "explosive-hazard", "gamma", "grouped-hazard", "hazardpoker", "microscopic-hazard", "organic-hazard", "psychotronic-hazard", "purple", "rpc", "translated"]
10	1531171727	1753409786	9487909
9	1531169405	1753394627	9487909
8	1531095401	1753014403	5982545
7	1531095397	1753014388	5982545
6	1531082121	1752935670	4981794
5	1531069608	1752868561	3050074
4	1531069506	1752867728	3050074
3	1531069424	1752866951	3050074
2	1530559580	1750263991	3672751
1	1530559544	1750263730	3672751
0	1530559537	1750263682	3672751
