slug: rpc-878
title: "RPC-878"
tags: ["alpha", "aquatic-hazard", "contact-hazard", "hazardpoker", "purple", "radiation-hazard", "rpc", "teleportation-hazard", "translated"]
18	1531497006	1754927020	9487909
17	1531497003	1754927007	9487909
16	1531017104	1752620094	5982545
15	1531008276	1752584414	7013424
14	1530980154	1752444172	3050074
13	1530979900	1752442125	3050074
12	1530975965	1752418014	3050074
11	1530968172	1752384031	8286389
10	1530967634	1752381540	3050074
9	1530966069	1752374343	8286389
8	1530966032	1752374158	8286389
7	1530966016	1752374075	8286389
6	1530965957	1752373797	8286389
5	1530965918	1752373640	8286389
4	1530965905	1752373597	8286389
3	1530965763	1752373178	8286389
2	1530965752	1752373133	8286389
1	1530965723	1752372992	8286389
0	1530965595	1752372576	8286389
