slug: rpc-923
title: "RPC-923"
tags: ["destabilization-hazard", "hazardpoker", "mechanical-hazard", "microscopic-hazard", "rpc", "translated", "transmutation-hazard"]
14	1531395407	1754404367	5683341
13	1531395397	1754404316	5683341
12	1531395391	1754404283	5683341
11	1531171733	1753409828	9487909
10	1531169502	1753394838	9487909
9	1531133992	1753206315	5683341
8	1531033442	1752689154	5982545
7	1531032963	1752687441	5982545
6	1530995874	1752519320	3050074
5	1530995868	1752519281	3050074
4	1530982730	1752462105	3050074
3	1530982721	1752462060	3050074
2	1530982703	1752461942	3050074
1	1530982632	1752461595	5683341
0	1530982616	1752461517	5683341
