slug: rpc-685
title: "RPC-685"
tags: ["academy", "aggression-hazard", "alpha", "aquatic-hazard", "climatological-hazard", "corrosive-hazard", "extra-dimensional-hazard", "geological-hazard", "radiation-hazard", "red", "rpc", "sentient-hazard", "teleportation-hazard", "temporal-hazard", "titanic-hazard", "visual-hazard"]
15	1532698206	1759722074	9564345
14	1531396994	1754411025	9564345
13	1531134391	1753209829	9564345
12	1531133236	1753202275	5982545
11	1531133217	1753202101	5982545
10	1531132742	1753199902	5982545
9	1531121074	1753149315	5982545
8	1531067810	1752856217	9564345
7	1531057142	1752806663	3050074
6	1531057134	1752806578	3050074
5	1531054724	1752786514	9564345
4	1531054660	1752786195	1619464
3	1531054557	1752785426	9564345
2	1531054556	1752785413	9564345
1	1531054554	1752785387	9564345
0	1531054552	1752785357	9564345
