slug: test-andrr0n
title: "Полигон AndRR0n'a"
tags: []
176	44351871	1387204722	1746500
175	43859932	1385498047	1746500
174	43823379	1385382049	1746500
173	43808406	1385320699	1746500
172	43768606	1385130570	1746500
171	43711366	1384939325	1746500
170	43686634	1384859454	1746500
169	43683921	1384851475	1746500
168	43683822	1384850775	1746500
167	43662532	1384778762	1746500
166	43662499	1384778552	1746500
165	43661192	1384773957	1746500
164	43655202	1384756485	1746500
163	43654614	1384754539	1746500
162	43596932	1384496866	1746500
161	43573468	1384427078	1746500
160	43539521	1384331771	1746500
159	43537362	1384324505	1746500
158	43481269	1384154622	1746500
157	43419422	1383857339	1746500
156	43419386	1383857033	1746500
155	43403452	1383820040	1746500
154	43382563	1383760074	1746500
153	43367933	1383730177	1746500
152	43364817	1383719331	1746500
151	43346892	1383658251	1746500
150	43312877	1383553250	1746500
149	43299496	1383489332	1746500
148	43299308	1383488045	1746500
147	43299124	1383487313	1746500
146	43299096	1383487158	1746500
145	43294303	1383461867	1746500
144	43281788	1383386188	1746500
143	43281764	1383386048	1746500
142	43254912	1383287618	1746500
141	43243971	1383235379	1746500
140	43189277	1383064562	1746500
139	43179252	1383038602	1746500
138	43168637	1382990860	1746500
137	43130315	1382967976	1746500
136	43126676	1382967781	1746500
135	43122267	1382967231	1746500
134	43113127	1382939066	1746500
133	43103640	1382889836	1746500
132	43102430	1382884397	1746500
131	43097549	1382859664	1746500
130	43097547	1382859609	1746500
129	43097480	1382859212	1746500
128	43089927	1382799033	1746500
127	43082968	1382765216	1746500
126	43082885	1382764808	1746500
125	43082766	1382764627	1746500
124	43082735	1382764166	1746500
123	43082662	1382763755	1746500
122	43077463	1382733279	1746500
121	43066219	1382701873	1746500
120	43059119	1382676343	1746500
119	43051352	1382631895	1746500
118	43044372	1382617975	1746500
117	43044345	1382617874	1746500
116	43044112	1382617439	1746500
115	43036762	1382601122	1746500
114	43036050	1382599598	1746500
113	43022527	1382543153	1746500
112	43022520	1382543122	1746500
111	43022508	1382543023	1746500
110	43022475	1382542940	1746500
109	43020076	1382534863	1746500
108	43020060	1382534794	1746500
107	43017071	1382523595	1746500
106	43013986	1382515830	1746500
105	43013977	1382515718	1746500
104	43013819	1382515305	1746500
103	43013789	1382515204	1746500
102	43013544	1382514517	1746500
101	43013498	1382514393	1746500
100	43012359	1382509504	1746500
99	43012163	1382508846	1746500
98	43004472	1382470316	1746500
97	43004469	1382470302	1746500
96	42998365	1382446179	1746500
95	42973994	1382361113	1746500
94	42973967	1382361073	1746500
93	42966868	1382350228	1746500
92	42966866	1382350158	1746500
91	42966775	1382350020	1746500
90	42966759	1382349936	1746500
89	42966085	1382347643	1746500
88	42965827	1382347497	1746500
87	42964722	1382344429	1746500
86	42964600	1382343995	1746500
85	42962533	1382336527	1746500
84	42962466	1382336267	1746500
83	42959397	1382332358	1746500
82	42953716	1382297981	1746500
81	42953712	1382297964	1746500
80	42953710	1382297931	1746500
79	42953642	1382297503	1746500
78	42952676	1382291135	1746500
77	42949116	1382283543	1746500
76	42949112	1382283489	1746500
75	42949103	1382283389	1746500
74	42949095	1382283295	1746500
73	42947308	1382275166	1746500
72	42946668	1382272182	1746500
71	42946323	1382270077	1746500
70	42944380	1382258461	1746500
69	42944202	1382257580	1746500
68	42943393	1382253384	1746500
67	42935265	1382199958	1746500
66	42935252	1382199854	1746500
65	42935219	1382199556	1746500
64	42933613	1382192961	1746500
63	42933220	1382191506	1746500
62	42927700	1382170657	1746500
61	42927631	1382170242	1746500
60	42927604	1382170009	1746500
59	42927336	1382168982	1746500
58	42895410	1382113321	1746500
57	42895388	1382113277	1746500
56	42895381	1382113260	1746500
55	42894797	1382112657	1746500
54	42880761	1382081017	1746500
53	42857051	1382077946	1746500
52	42856510	1382075487	1746500
51	42856283	1382074285	1746500
50	42855684	1382071313	1746500
49	42848037	1382030483	1746500
48	42844710	1382021161	1746500
47	42843274	1382018116	1746500
46	42842918	1382017575	1746500
45	42841732	1382013702	1746500
44	42841434	1382011953	1746500
43	42840027	1382008125	1746500
42	42839945	1382007942	1746500
41	42839811	1382007708	1746500
40	42839633	1382007255	1746500
39	42839578	1382007080	1746500
38	42839135	1382006201	1746500
37	42838773	1382004994	1746500
36	42838601	1382004616	1746500
35	42836034	1381998287	1746500
34	42833766	1381991029	1746500
33	42833643	1381990358	1746500
32	42833627	1381990220	1746500
31	42833479	1381989413	1746500
30	42827133	1381949851	1746500
29	42827130	1381949830	1746500
28	42827119	1381949754	1746500
27	42826854	1381948214	1746500
26	42825970	1381944330	1746500
25	42825880	1381944094	1746500
24	42825346	1381943027	1746500
23	42825247	1381942871	1746500
22	42823171	1381938733	1746500
21	42823169	1381938705	1746500
20	42822461	1381936887	1746500
19	42822200	1381936439	1746500
18	42822173	1381936389	1746500
17	42822040	1381936054	1746500
16	42821056	1381934475	1746500
15	42818655	1381928740	1746500
14	42815189	1381919733	1746500
13	42814328	1381918201	1746500
12	42811510	1381912444	1746500
11	42810402	1381908908	1746500
10	42810233	1381908314	1746500
9	42810124	1381908060	1746500
8	42809358	1381904771	1746500
7	42809298	1381904209	1746500
6	42808783	1381901403	1746500
5	42800826	1381855018	1746500
4	42800748	1381854709	1746500
3	42800126	1381853725	1746500
2	42799828	1381853050	1746500
1	42799543	1381852499	1746500
0	42799380	1381852233	1746500
