slug: test-person-ladderjack
title: "Личное дело Энкипа"
tags: []
19	70468930	1459094493	2532662
18	70467103	1459091748	2532662
17	70465333	1459089968	2532662
16	70463190	1459088766	1191487
15	70133753	1458735384	2532662
14	67813325	1456709605	2532662
13	66926010	1455567046	2532662
12	66925961	1455566974	2532662
11	66925958	1455566917	2532662
10	66907638	1455525847	754405
9	66901316	1455514191	2532662
8	66896255	1455502425	2532662
7	66895419	1455499423	2532662
6	66894392	1455496794	2532662
5	66893923	1455495382	2532662
4	66893834	1455495236	2532662
3	66893828	1455495159	2532662
2	66893823	1455495115	2532662
1	66893820	1455495087	2532662
0	66893814	1455495051	2532662
