slug: et-002-b-001
title: "ET-002-B-001"
tags: ["bluebook", "document", "translated"]
20	1526802831	1734698197	9487909
19	1526802828	1734698188	9487909
18	1518334958	1708270875	4445835
17	1379931150	1633598936	7271260
16	1358896073	1609863802	4583766
15	1075401983	1588121044	3118961
14	1033763549	1578532379	4583766
13	955695341	1569133349	2930589
12	902941775	1565709320	3118961
11	898318826	1564720105	4583766
10	898315370	1564720049	4583766
9	898313798	1564720027	4583766
8	898308742	1564719939	4583766
7	898307450	1564719850	4583766
6	898304576	1564719787	4583766
5	898303291	1564719748	4583766
4	898150268	1564713811	1315056
3	898148331	1564713787	1315056
2	898124999	1564713295	4583766
1	897916537	1564707795	4583766
0	897915124	1564707752	4583766
