slug: radiationguide
title: "An Informal Guide to Radiation"
tags: ["guide"]
19	1543371860	1776358218	7013424
18	1366796764	1625109246	1315056
17	1366796730	1625109007	1315056
16	1362098931	1617849708	3512728
15	1362098923	1617849639	3512728
14	1362098920	1617849624	3512728
13	1357415596	1604674807	1315056
12	1357415573	1604674739	1315056
11	1357396854	1604633641	3118961
10	904488100	1566178374	3118961
9	904487177	1566175274	3118961
8	896339439	1564598724	1315056
7	854033789	1560809064	2776183
6	852554648	1560730539	1315056
5	852554577	1560730326	1315056
4	852550175	1560708161	1315056
3	852549807	1560707381	1315056
2	852549795	1560707330	1315056
1	852549777	1560707266	1315056
0	852549770	1560707230	1315056
