slug: rpc-430
title: "RPC-430"
tags: ["gamma", "grouped-hazard", "organic-hazard", "red", "rpc", "sapient-hazard", "translated"]
22	1544790221	1782089213	7013424
21	1525369533	1729489230	5197199
20	1525369532	1729489205	5197199
19	1366364798	1623277286	3672751
18	1073213320	1586661894	3638389
17	1073213311	1586661881	3638389
16	949067249	1568508646	3638389
15	949067186	1568508605	3638389
14	906440042	1566707393	3702925
13	881020481	1562450588	3638389
12	881020473	1562450546	3638389
11	666678114	1551753606	1315056
10	666642731	1551753224	5208732
9	367006549	1541804212	3952836
8	251493113	1540249737	3030797
7	213484910	1539809265	3952836
6	164732678	1538964862	2773416
5	164731911	1538964855	2773416
4	148011442	1537572401	3646714
3	147964943	1537489372	3702925
2	147964930	1537489344	3702925
1	147964889	1537489306	3702925
0	147964885	1537489290	3702925
