slug: aedfmanifest
title: "AEDF Fleet Manifest"
tags: ["aedf", "collaboration", "document", "lore", "translated"]
55	1526682988	1734011978	9487909
54	1360171694	1614646167	3722979
53	1360123405	1614415484	5293995
52	1360118786	1614391253	3672751
51	1359355245	1611342646	4365296
50	1359025232	1610326893	1315056
49	1359001112	1610290695	3722979
48	1358623984	1608669598	1315056
47	1358623977	1608669568	1315056
46	1358623821	1608669285	1315056
45	1358623812	1608669227	1315056
44	1358623804	1608669200	1315056
43	1358623803	1608669195	1315056
42	1355917348	1600499166	6264298
41	1355917334	1600499117	6264298
40	1224126485	1594074681	5258122
39	1208191682	1592268000	1315056
38	1196909991	1591639145	5258122
37	1196434429	1591590117	5258122
36	1196401346	1591589057	5258122
35	1196399264	1591589019	5258122
34	1196397567	1591588982	5258122
33	1196394714	1591588926	5258122
32	1196387984	1591588532	5258122
31	1196387982	1591588518	5258122
30	1196280792	1591584267	5258122
29	1196257604	1591583161	1315056
28	1081321250	1588268783	1315056
27	1081320214	1588268768	1315056
26	1075401748	1588120519	3118961
25	1043602619	1582314135	3952836
24	1041686441	1582227300	4558857
23	1034593555	1580913259	3118961
22	1033602649	1577852544	1315056
21	1033565585	1577686664	1315056
20	1033454179	1577223177	1315056
19	966008332	1571193179	1315056
18	966008320	1571193158	1315056
17	966008306	1571193129	1315056
16	966008036	1571192510	1315056
15	966007987	1571192452	1315056
14	966007944	1571192348	1315056
13	959086111	1569633155	1315056
12	953478972	1569029544	1315056
11	952267587	1568950796	1315056
10	941915894	1567810838	3118961
9	931546427	1567521332	1315056
8	931544218	1567521133	1315056
7	931542935	1567521082	4301161
6	931481346	1567518699	1315056
5	902942365	1565710544	3118961
4	900882298	1565204933	1315056
3	900882273	1565204768	1315056
2	900879647	1565197075	1315056
1	900879456	1565196557	1315056
0	900879447	1565196521	1315056
