slug: nav:side
title: "Sidebar menu"
tags: []
117	1528979746	1743476024	8285008
116	1528979735	1743475974	8285008
115	1521408875	1720068836	8285008
114	1521408868	1720068808	8285008
113	1521377962	1719899979	8285008
112	1521377954	1719899927	8285008
111	1521377939	1719899710	8285008
110	1520426836	1716418238	8285008
109	1520416046	1716376393	8285008
108	1520416039	1716376366	8285008
107	1520412586	1716363271	8285008
106	1520412584	1716363244	8285008
105	1519704058	1713476113	4293614
104	1519168914	1711160670	4293614
103	1518650615	1709176305	8285008
102	1518650610	1709176268	8285008
101	1518650551	1709175904	8285008
100	1518650542	1709175870	8285008
99	1518648512	1709161528	8285008
98	1518648501	1709161447	8285008
97	1518648489	1709161386	8285008
96	1518648447	1709161079	8285008
95	1518648305	1709160057	8285008
94	1518648294	1709159994	8285008
93	1518648229	1709159539	8285008
92	1518122957	1707430375	4293614
91	1518122897	1707430127	4293614
90	1518122894	1707430114	4293614
89	1089598440	1589624803	6295671
88	1084199069	1588314441	4293614
87	1075354606	1588001659	4293614
86	1073166783	1586513561	4293614
85	1073163964	1586508282	4293614
84	1073163873	1586508095	4293614
83	1073159164	1586490808	4293614
82	1073159162	1586490783	4293614
81	1073149715	1586456951	4293614
80	1073149644	1586456533	4293614
79	1073149635	1586456519	4293614
78	1073149463	1586456043	4293614
77	1073149454	1586456007	4293614
76	1073149449	1586455986	4293614
75	1073149335	1586455771	4293614
74	1073149327	1586455733	4293614
73	1073149308	1586455644	4293614
72	1073149301	1586455634	4293614
71	1073149285	1586455574	4293614
70	1073149265	1586455474	4293614
69	1073149131	1586454952	4293614
68	1073149129	1586454939	4293614
67	1073149060	1586454741	4293614
66	1073148991	1586454564	4293614
65	1073148989	1586454553	4293614
64	1073148983	1586454533	4293614
63	1073148976	1586454514	4293614
62	1073148956	1586454423	4293614
61	1073073181	1586229399	4293614
60	1073039437	1586140324	4293614
59	1073010417	1586045871	4293614
58	1073010398	1586045683	4293614
57	1073010397	1586045655	4293614
56	1073010396	1586045643	4293614
55	1073010393	1586045622	4293614
54	1073010390	1586045590	4293614
53	1072944335	1585877405	6295671
52	1070824723	1585806886	4293614
51	1070824589	1585806790	4293614
50	1070824532	1585806728	4293614
49	1070753992	1585805591	4293614
48	146579133	1535760398	4293614
47	146579084	1535760253	4293614
46	146578961	1535759776	4293614
45	146578644	1535758760	4293614
44	144987200	1535239274	4488053
43	143694523	1534884817	4293614
42	143694357	1534884772	4488053
41	143694028	1534884711	4488053
40	143648862	1534870873	4488053
39	143561403	1534837080	4293614
38	143560194	1534836653	4293614
37	143559954	1534836568	4293614
36	143559825	1534836523	4293614
35	143559729	1534836489	4293614
34	143558994	1534836242	4293614
33	143558477	1534836085	4293614
32	143536091	1534817619	4293614
31	143504616	1534803423	4488053
30	143504534	1534803403	4488053
29	143504533	1534803389	4488053
28	143504460	1534803375	4488053
27	143504300	1534803295	4488053
26	143504266	1534803264	4488053
25	143504251	1534803252	4488053
24	143504235	1534803241	4488053
23	143504234	1534803234	4488053
22	143504187	1534803195	4488053
21	143503926	1534803088	4488053
20	143503700	1534802996	4488053
19	143503588	1534802966	4488053
18	143503313	1534802854	4488053
17	143501654	1534802183	4488053
16	143501617	1534802174	4488053
15	143501507	1534802105	4488053
14	142653313	1534611412	4488053
13	142651804	1534610656	4488053
12	142651518	1534610568	4488053
11	142420539	1534535496	4488053
10	142420401	1534535473	4488053
9	142420318	1534535453	4488053
8	142420059	1534535401	4488053
7	142419904	1534535367	4488053
6	142419781	1534535345	4488053
5	142419760	1534535330	4488053
4	142419667	1534535309	4488053
3	142409747	1534532785	4488053
2	142409101	1534532640	4488053
1	142403596	1534531489	4488053
0	142113612	1534461241	4488053
