slug: nav:top
title: "Topbar menu"
tags: []
86	1521408882	1720068860	8285008
85	1521408861	1720068739	8285008
84	1521408858	1720068713	8285008
83	1520426841	1716418271	8285008
82	1520425505	1716411179	4293614
81	1520425499	1716411161	4293614
80	1520425492	1716411114	4293614
79	1520425482	1716411055	4293614
78	1520424567	1716407845	4293614
77	1520424130	1716406634	4293614
76	1520415965	1716376108	8285008
75	1520415958	1716376072	8285008
74	1520415956	1716376051	8285008
73	1520415940	1716375967	8285008
72	1520412656	1716363636	8285008
71	1520412647	1716363481	8285008
70	1520412646	1716363471	8285008
69	1520412644	1716363451	8285008
68	1520412634	1716363346	8285008
67	1520412631	1716363324	8285008
66	1520412592	1716363304	8285008
65	1520037389	1714970554	4293614
64	1519671868	1713453632	4293614
63	1519671861	1713453610	4293614
62	1519671824	1713453437	4293614
61	1519349857	1712142133	4293614
60	1519219776	1711417930	4293614
59	1519219343	1711414699	4293614
58	1519219310	1711414415	4293614
57	1519219224	1711414194	4293614
56	1519167411	1711152408	4293614
55	1519150168	1711049272	4293614
54	1519141767	1711003135	8285008
53	1519141758	1711003049	8285008
52	1519141756	1711003016	8285008
51	1519141747	1711002961	8285008
50	1519133039	1710954208	4293614
49	1519133035	1710954159	4293614
48	1519082599	1710815081	4293614
47	1519065445	1710711881	4293614
46	1518650605	1709176234	8285008
45	1518650554	1709175941	8285008
44	1518650537	1709175835	8285008
43	1518648452	1709161107	8285008
42	1518648329	1709160265	8285008
41	1518648321	1709160193	8285008
40	1518648316	1709160129	8285008
39	1518648308	1709160074	8285008
38	1518648291	1709159948	8285008
37	1518648281	1709159866	8285008
36	1518648270	1709159783	8285008
35	1518646743	1709151571	4293614
34	1518644746	1709140463	4293614
33	1518644744	1709140448	4293614
32	1518644723	1709140321	4293614
31	1518644719	1709140302	4293614
30	1518644712	1709140260	4293614
29	1224138119	1594125989	4392748
28	1089598430	1589624764	6295671
27	1089598342	1589624627	6295671
26	1088666553	1589372685	6295671
25	1084598966	1588978492	4133655
24	1073709564	1587105355	6295671
23	1073165250	1586510258	4293614
22	1073110599	1586334818	4293614
21	1073110278	1586334066	4293614
20	1073080678	1586250515	4293614
19	1073080677	1586250503	4293614
18	1073078221	1586245171	6295671
17	1073078220	1586245159	6295671
16	1073078216	1586245132	6295671
15	1073078208	1586245092	6295671
14	1073078198	1586245045	6295671
13	1073078137	1586244974	6295671
12	1073039443	1586140336	4293614
11	1073034287	1586129152	4293614
10	1073034278	1586129133	4293614
9	1073010357	1586045328	4293614
8	1073010355	1586045307	4293614
7	1072944320	1585877381	6295671
6	1072851148	1585861351	4293614
5	1070745529	1585805466	4293614
4	143764616	1534901246	4293614
3	143500959	1534801883	4488053
2	143495916	1534799980	4488053
1	143495021	1534799654	4488053
0	142113613	1534461241	4488053
