slug: admin:themes
title: "Customize your theme"
tags: []
18	1520425396	1716410638	4293614
17	1520425394	1716410621	4293614
16	1520412830	1716364733	4133655
15	1075350204	1587990217	4293614
14	1075350193	1587990183	4293614
13	1075350150	1587990018	4293614
12	1070825300	1585807509	4293614
11	146713157	1535827036	4293614
10	146712991	1535826604	4415332
9	146712983	1535826584	4415332
8	146712970	1535826539	4415332
7	146712955	1535826497	4415332
6	146704574	1535824235	4415332
5	146704438	1535824213	4415332
4	146482954	1535675196	4415332
3	146482506	1535675018	4293614
2	146481532	1535674622	4488053
1	142131965	1534465497	4488053
0	142113619	1534461241	4488053
