slug: rpc-234
title: "RPC-234"
tags: ["aggression-hazard", "bio-hazard", "gamma", "orange", "organic-hazard", "rpc", "sapient-hazard"]
12	1289143207	1595798534	3118961
11	1194581590	1591545701	5236217
10	1194581545	1591545668	5236217
9	1194578582	1591545587	5236217
8	1194573425	1591545540	5236217
7	1194567451	1591545493	5236217
6	1194557910	1591545413	5236217
5	1194554209	1591545385	5236217
4	1194549533	1591545313	5236217
3	1194543849	1591545169	5236217
2	1194542630	1591545143	5236217
1	1194542111	1591545133	5236217
0	1194540869	1591545083	5236217
