slug: rpc-012-ru
title: "RPC-012 [RU]"
tags: ["_author-page-hide", "translation"]
17	1358224608	1607307953	3118961
16	1358224543	1607307507	3118961
15	1358224387	1607306349	3118961
14	1357758680	1605907519	3118961
13	1357758670	1605907493	3118961
12	1357758659	1605907451	3118961
11	1357758644	1605907399	3118961
10	1357758641	1605907392	3118961
9	1357648906	1605469257	3118961
8	1289134229	1595798382	3118961
7	1048443053	1584174447	4981794
6	1048440021	1584166013	6209186
5	635749705	1548334923	3118961
4	538854377	1545798694	3646714
3	538320124	1545684192	4304662
2	538319991	1545683802	4304662
1	538319801	1545683344	4304662
0	538319724	1545683243	4304662
