slug: rpc-102
title: "RPC-102"
tags: ["aggression-hazard", "alpha", "orange", "organic-hazard", "rpc", "sapient-hazard", "translated"]
21	1530838859	1751741616	9487909
20	1525191236	1728736753	5197199
19	1525191228	1728736583	5197199
18	674419182	1551939067	1350163
17	650214201	1551033194	1350163
16	646865211	1550518253	1350163
15	590354520	1547310387	3638389
14	590333688	1547269298	2773416
13	590329079	1547260325	1350163
12	590328763	1547259500	3638389
11	590328749	1547259474	3638389
10	590328736	1547259446	3638389
9	590326735	1547255498	1350163
8	590324309	1547251437	1350163
7	590153648	1547235285	1350163
6	590138904	1547235048	1350163
5	589960738	1547231717	1350163
4	589959927	1547231704	1350163
3	589954716	1547231585	1350163
2	589954356	1547231574	1350163
1	589808960	1547228870	1350163
0	589444264	1547222586	1350163
