slug: archive:object-74
title: "Объект №: 74 -  Кристаллизованное время"
tags: []
21	1357093546	1603382825	4518363
20	1256343349	1595236565	4518363
19	962180275	1570297246	5034401
18	962180259	1570297185	5034401
17	962180101	1570296944	5034401
16	962179958	1570296715	5034401
15	962179900	1570296603	5034401
14	962179796	1570296490	5034401
13	962179766	1570296404	5034401
12	962179497	1570296052	5034401
11	904132176	1565787851	4518363
10	896549694	1564637577	1767012
9	893032889	1564134882	1767012
8	893027145	1564130397	1767012
7	893027060	1564130363	1767012
6	892937803	1564037794	4518363
5	892916720	1563996468	1767012
4	892916711	1563996381	1767012
3	892916699	1563996278	1767012
2	892916694	1563996245	1767012
1	892916647	1563996082	1767012
0	892916631	1563995960	1767012
