slug: research-008-main
title: "Изучение 008 - Основа"
tags: []
76	84037928	1495636395	754405
75	78942790	1480453244	754405
74	75632541	1464555629	754405
73	75632539	1464555620	754405
72	57103350	1445194817	754405
71	55916799	1440222033	754405
70	55301957	1437857085	754405
69	55299841	1437853220	1305734
68	55298116	1437849859	754405
67	55297975	1437849302	1305734
66	55294062	1437838177	1191487
65	55293739	1437836814	754405
64	55228362	1437670809	754405
63	55188421	1437578312	754405
62	55187725	1437576620	754405
61	55099386	1437318492	754405
60	55073055	1437235927	754405
59	50891561	1415806319	754405
58	45381780	1391183258	754405
57	45061918	1389970875	754405
56	45051359	1389938946	754405
55	45036458	1389888227	754405
54	45036185	1389887537	1191487
53	45035857	1389886972	754405
52	39525873	1373723404	1191487
51	39505970	1373642130	754405
50	39126430	1372428159	1191487
49	39125269	1372426192	754405
48	38693674	1370960050	754405
47	38661742	1370876730	754405
46	34810420	1357665203	754405
45	34786213	1357597708	754405
44	32898560	1350921204	1407950
43	32895445	1350914677	754405
42	32895058	1350913794	1191487
41	32876326	1350832532	754405
40	32876142	1350831194	754405
39	32873741	1350823088	754405
38	32814895	1350522974	1407950
37	32805121	1350481562	1407950
36	32785300	1350401222	1191487
35	32765634	1350329628	754405
34	32744201	1350226865	754405
33	32730903	1350145132	754405
32	32730868	1350145053	754405
31	32642024	1349791781	1191487
30	32623341	1349710009	754405
29	31514557	1344453791	754405
28	31510950	1344439145	1407950
27	31510163	1344437625	754405
26	31490794	1344354510	754405
25	31472554	1344268329	754405
24	31454122	1344176505	1407950
23	31443042	1344102580	754405
22	30386958	1338297131	1191487
21	30377081	1338236090	754405
20	30373381	1338213569	1191487
19	30286474	1337626459	754405
18	30283593	1337607393	1191487
17	30270859	1337533362	754405
16	30266060	1337485105	754405
15	30261826	1337442811	1191487
14	30252678	1337364656	754405
13	30237037	1337270877	754405
12	30234917	1337260576	1191487
11	30234912	1337260522	1191487
10	30219645	1337175885	754405
9	30219389	1337174271	1191487
8	30205039	1337093218	754405
7	30191161	1337007582	754405
6	30190222	1337003472	1191487
5	30167411	1336845701	754405
4	30165178	1336839825	1191487
3	30164680	1336838931	1191487
2	30152158	1336757153	754405
1	30152141	1336757007	754405
0	30152137	1336756982	754405
