slug: lab:binder
title: ""
tags: []
19	1524626954	1726428855	7310155
18	1379473087	1632053505	7310155
17	1379472011	1632047534	7310155
16	1379464363	1632002725	7310155
15	1379464306	1632002468	7310155
14	1379464294	1632002334	7310155
13	1379463447	1631998203	7310155
12	1379462055	1631988665	7310155
11	1379456967	1631965374	7310155
10	1379455862	1631962130	7310155
9	1379455824	1631961768	7310155
8	1372486562	1629880866	7310155
7	1372336270	1629834425	7310155
6	1372335942	1629834325	7310155
5	1372335745	1629834266	7310155
4	1372326636	1629831536	7310155
3	1372324112	1629830777	7310155
2	1372322625	1629830354	7310155
1	1372319504	1629829403	7310155
0	1372299992	1629823402	7310155
