slug: caligula
title: "Caligula"
tags: ["below-zero", "history", "tale", "translated"]
12	1528075105	1740406800	9487909
11	1528075103	1740406791	9487909
10	1034529847	1580769409	3118961
9	1034529692	1580768605	3118961
8	1034529605	1580768424	3118961
7	1033888513	1578970392	1574054
6	1033403209	1577044739	1350163
5	1033399515	1577037735	3118961
4	1033399500	1577037719	5293995
3	1033399432	1577037589	1350163
2	1033399343	1577037400	1350163
1	1033399302	1577037323	1350163
0	1033399262	1577037243	1350163
