slug: research-014-main
title: "Изучение 014 - Основа"
tags: []
15	82572085	1492707617	754405
14	75461442	1463691624	754405
13	75461440	1463691620	754405
12	55916804	1440222046	754405
11	53632548	1430831903	754405
10	53632541	1430831796	754405
9	53036606	1428013423	754405
8	52276215	1424617487	754405
7	52270859	1424586251	1938919
6	52264160	1424557321	754405
5	52257266	1424526234	1938919
4	52257196	1424526002	754405
3	51603667	1420589515	754405
2	51598797	1420556548	1938919
1	51598428	1420554955	1191487
0	51590069	1420500014	754405
