slug: rpc-001
title: "RPC-001"
tags: ["hub"]
38	1367011667	1626221630	1315056
37	1366397203	1623416393	3952836
36	1360446761	1615439704	3118961
35	1357305340	1604243607	3118961
34	1048144685	1583609713	3118961
33	1048144677	1583609671	3118961
32	525836008	1545103035	3952836
31	525829507	1545101582	3952836
30	131742780	1531349130	2773416
29	130593352	1530728119	2773416
28	130374533	1530657305	4240294
27	130374525	1530657286	4240294
26	130374517	1530657274	4240294
25	130367297	1530653896	4240294
24	130367145	1530653858	4240294
23	130367142	1530653848	4240294
22	128564766	1530121958	4240294
21	128563519	1530121615	4240294
20	128562809	1530121441	4240294
19	128562579	1530121359	4240294
18	128562530	1530121329	4240294
17	128562224	1530121247	4240294
16	128562193	1530121239	4240294
15	128562110	1530121214	4240294
14	128562051	1530121202	4240294
13	128193767	1529988003	4240294
12	128193428	1529987908	4240294
11	128192669	1529987646	3992967
10	128192031	1529987429	3992967
9	128068543	1529925904	3992967
8	128039917	1529912365	3992967
7	128039855	1529912334	3992967
6	128039767	1529912267	3992967
5	128039706	1529912246	3992967
4	128038982	1529912034	3992967
3	128038716	1529911902	3992967
2	127969622	1529878598	4240294
1	125272701	1528958311	4240294
0	125272691	1528958301	4240294
