slug: fragment:psyche-0
title: "Psyche 0"
tags: []
37	1543855053	1778550319	4846863
36	1524052049	1724289164	3050074
35	1524050535	1724286340	3050074
34	1524050467	1724286027	3050074
33	1524050456	1724285983	3050074
32	1524050455	1724285966	3050074
31	1524050443	1724285893	3050074
30	1524050322	1724284965	3050074
29	1508250980	1677735198	4846863
28	1508120340	1677427241	5258122
27	1508120312	1677427113	5258122
26	1508120165	1677426672	5258122
25	1508120057	1677426479	5258122
24	1508120054	1677426457	5258122
23	1508120033	1677426367	5258122
22	1508120015	1677426297	5258122
21	1506528817	1673683143	4846863
20	1494864835	1662062408	4846863
19	1460667292	1651213221	4846863
18	1460667244	1651212848	4846863
17	1460667172	1651212576	4846863
16	1460667170	1651212503	4846863
15	1460159779	1650140941	4846863
14	1460021654	1649648099	4846863
13	1459981296	1649472859	4846863
12	1381014154	1633982250	4846863
11	1367366899	1627863432	4846863
10	1367205993	1627171955	4846863
9	1366951349	1625885540	4846863
8	1366491884	1623822764	4846863
7	1366491873	1623822698	4846863
6	1366490583	1623815870	4846863
5	1366473767	1623705712	4846863
4	1366473755	1623705633	4846863
3	1366473542	1623703899	3672751
2	1366473517	1623703723	3672751
1	1366473464	1623703483	3672751
0	1366473452	1623703408	3672751
