slug: in-the-fox-witch-s-wake
title: "In The Fox-Witch's Wake: Index Page"
tags: ["hub"]
12	1521802997	1720271872	5982545
11	1366494535	1623832433	5100742
10	1366494511	1623832341	5100742
9	1366494502	1623832281	5100742
8	1366494492	1623832221	5100742
7	1366494489	1623832198	5100742
6	1366493970	1623830495	5100742
5	1366493820	1623829962	5100742
4	1366493812	1623829938	5100742
3	1366493151	1623827578	5100742
2	1366492596	1623826054	5100742
1	1366492592	1623826031	5100742
0	1366492516	1623825564	5100742
