slug: contest:mythsmagiccontestworm
title: "The King & The Tide"
tags: ["mythsmagic-writing"]
43	1517007252	1703629603	5982545
42	1366918958	1625699212	6481401
41	1366792204	1625077169	6481401
40	1366792159	1625077110	6481401
39	1366792153	1625077035	6481401
38	1366733259	1624743810	6481401
37	1366733235	1624743618	6481401
36	1366733185	1624743322	6481401
35	1366733181	1624743306	6481401
34	1366733173	1624743272	6481401
33	1366733143	1624743135	6481401
32	1366733126	1624743055	6481401
31	1366733123	1624743027	6481401
30	1366626090	1624474616	6481401
29	1366626062	1624474493	6481401
28	1366626049	1624474380	6481401
27	1366625986	1624474163	6481401
26	1366625952	1624473943	6481401
25	1366606100	1624384835	6481401
24	1366605974	1624384303	6481401
23	1366605722	1624383296	3672751
22	1366605700	1624383193	6481401
21	1366605599	1624382774	6481401
20	1366603830	1624375595	6481401
19	1366603812	1624375519	6481401
18	1366603791	1624375433	6481401
17	1366603783	1624375366	6481401
16	1366603772	1624375302	6481401
15	1366603730	1624375136	6481401
14	1366603691	1624374956	6481401
13	1366602880	1624371825	6481401
12	1366602870	1624371772	6481401
11	1366602834	1624371575	6481401
10	1366583083	1624254606	6481401
9	1366582603	1624252075	6481401
8	1366582559	1624251593	6481401
7	1366579061	1624230141	6481401
6	1366579049	1624230029	6481401
5	1366578575	1624227631	3118961
4	1366578276	1624225765	6481401
3	1366578021	1624224322	6481401
2	1366578014	1624224258	6481401
1	1366577999	1624224190	6481401
0	1366577923	1624223745	6481401
