slug: contest:mythsmagiccontestalmarduk
title: "Nine Thousand Lives & The Witchcraft of the Angra Mainyu, Who Is All Death"
tags: ["mythsmagic-writing"]
14	1517007261	1703629653	5982545
13	1366915338	1625677665	3672751
12	1366885629	1625613415	3672751
11	1366885583	1625613084	3672751
10	1366885572	1625612977	3672751
9	1366868062	1625510423	3672751
8	1366809867	1625187222	3672751
7	1366809864	1625187204	3672751
6	1366809829	1625186946	3672751
5	1366630497	1624499870	3672751
4	1366608521	1624396522	3672751
3	1366594229	1624318088	3672751
2	1366592955	1624308530	3672751
1	1366592942	1624308350	3672751
0	1366592937	1624308312	3672751
