slug: component:remnants-theme
title: "Remnants Theme"
tags: ["theme"]
20	1383794440	1634104004	4981794
19	1379916842	1633546067	5258122
18	1379916426	1633544829	5258122
17	1371984742	1629598401	5258122
16	1371984721	1629598252	5258122
15	1371984718	1629598240	5258122
14	1371984714	1629598213	5258122
13	1371984703	1629598106	5258122
12	1371984688	1629598017	5258122
11	1367060064	1626482246	5258122
10	1366610716	1624409036	5258122
9	1366610617	1624408349	5258122
8	1366594083	1624316215	5258122
7	1366594065	1624316063	5258122
6	1366594059	1624316043	5258122
5	1366594033	1624315783	5258122
4	1366594029	1624315742	5258122
3	1366594027	1624315706	5258122
2	1366594026	1624315682	5258122
1	1366594009	1624315547	5258122
0	1366594000	1624315497	5258122
