slug: contest:mythsmagiccontestvonpincier
title: "The Last Bequest & The Sleeping Kings"
tags: ["mythsmagic-writing"]
16	1517007265	1703629691	5982545
15	1367011651	1626221504	1315056
14	1366919891	1625706658	1315056
13	1366919746	1625705405	1315056
12	1366919351	1625703085	1315056
11	1366919346	1625703037	1315056
10	1366919337	1625702942	1315056
9	1366871628	1625535981	1315056
8	1366821697	1625250056	1315056
7	1366764109	1624917209	1315056
6	1366732260	1624737752	1315056
5	1366732254	1624737711	1315056
4	1366730082	1624722979	1315056
3	1366730073	1624722910	1315056
2	1366730068	1624722877	1315056
1	1366730013	1624722728	1315056
0	1366730005	1624722678	1315056
