slug: rpc-551
title: "RPC-551"
tags: ["alpha", "animated-hazard", "contact-hazard", "foa", "ideological-hazard", "orange", "regenerative-hazard", "rpc", "translated"]
22	1518663676	1709238697	3050074
21	1518650582	1709176108	4981794
20	1518650571	1709176049	4981794
19	1516229369	1700853587	3050074
18	1505080397	1671203265	8059995
17	1497166008	1667562812	6371726
16	1497166001	1667562794	6371726
15	1497089208	1667298198	6371726
14	1490593329	1661794026	4330657
13	1490593270	1661793890	4330657
12	1490593264	1661793874	4330657
11	1490593262	1661793862	4330657
10	1490593247	1661793762	4330657
9	1490593205	1661793701	4330657
8	1459783745	1649036084	3672751
7	1387147749	1638213552	4330657
6	1379159875	1630986360	4330657
5	1366965443	1625960373	5293995
4	1366965306	1625959560	5293995
3	1366958096	1625916073	5716946
2	1366938778	1625824446	4330657
1	1366938708	1625824113	4330657
0	1366938702	1625824084	4330657
