slug: rpc-009
title: "RPC-009"
tags: ["animated-hazard", "beta", "contact-hazard", "contestwinner", "esoteric-hazard", "organic-hazard", "rpc", "sapient-hazard", "vssp", "white"]
32	1512824789	1691457051	3970162
31	1509011264	1680021934	3050074
30	1506796863	1674445064	5982545
29	1475636066	1656797831	3638389
28	1475633259	1656786359	3638389
27	1475532608	1656728506	3672751
26	1474745363	1656709681	3638389
25	1474744318	1656709672	3638389
24	1474742612	1656709655	3638389
23	1474740735	1656709586	3638389
22	1474740720	1656709534	3638389
21	1474682780	1656708199	3970162
20	1461408593	1654036792	4870061
19	1461350696	1653876149	4870061
18	1459908376	1649281090	4870061
17	1459783813	1649036433	3672751
16	1367437137	1628190257	7320700
15	1367414207	1628102837	7320700
14	1367063553	1626504379	4870061
13	1367063541	1626504319	4870061
12	1367063471	1626503821	4870061
11	1366963242	1625947020	5716946
10	1366963163	1625946350	5293995
9	1366963149	1625946238	5293995
8	1366962587	1625942251	5293995
7	1366962454	1625941524	4870061
6	1366962396	1625941156	4870061
5	1366962394	1625941133	4870061
4	1366962389	1625941099	4870061
3	1366962387	1625941077	4870061
2	1366962384	1625941057	4870061
1	1366962325	1625940847	4870061
0	1366962309	1625940705	4870061
