slug: rpc-423
title: "RPC-423"
tags: ["alpha", "emotional-hazard", "rpc", "toxic-hazard", "transmutation-hazard", "utility", "yellow"]
28	1516631682	1702329475	3050074
27	1512146209	1689077921	5519772
26	1512146205	1689077908	5519772
25	1496531286	1666128217	6371726
24	1480036847	1660580349	5519772
23	1480036844	1660580319	5519772
22	1479584466	1659731808	5519772
21	1479584439	1659731674	5519772
20	1479584417	1659731478	5519772
19	1479584415	1659731457	5519772
18	1479584412	1659731439	5519772
17	1479584410	1659731407	5519772
16	1479584405	1659731379	5519772
15	1479584398	1659731337	5519772
14	1479584385	1659731178	5519772
13	1479584379	1659731141	5519772
12	1388876236	1644915291	5519772
11	1379970904	1633697947	5519772
10	1379876688	1633460912	5519772
9	1379853846	1633373281	5519772
8	1379669947	1632696821	5519772
7	1367446072	1628244058	3512728
6	1367446065	1628243992	3512728
5	1367446061	1628243974	3512728
4	1367444724	1628237260	3512728
3	1367431151	1628180013	4981794
2	1366996671	1626129878	5519772
1	1366996670	1626129863	5519772
0	1366996669	1626129844	5519772
