slug: protocol-laboratory-tone
title: "Protocol Laboratory Tone"
tags: ["containment-tone", "format", "information"]
19	1462142564	1655668556	3638389
18	1462142562	1655668547	3638389
17	1462142559	1655668533	5258122
16	1367393390	1628000515	5258122
15	1367393384	1628000500	5258122
14	1367393349	1628000333	5258122
13	1367393316	1628000170	5258122
12	1367393278	1627999941	5258122
11	1367023269	1626285044	5258122
10	1367009654	1626207193	5258122
9	1367009548	1626206758	5258122
8	1367009534	1626206652	5258122
7	1367009503	1626206404	5258122
6	1367009500	1626206349	5258122
5	1367009441	1626205882	5258122
4	1367009407	1626205606	5258122
3	1367009399	1626205537	5258122
2	1367009388	1626205458	5258122
1	1367009276	1626205085	5258122
0	1367009273	1626205073	5258122
