slug: rpc-560
title: "RPC-560"
tags: ["beta", "contact-hazard", "emotional-hazard", "esoteric-hazard", "gravitational-hazard", "ideological-hazard", "purple", "rpc", "sentient-hazard"]
29	1531896822	1756607292	3050074
28	1508356007	1678223131	7320700
27	1508356005	1678223117	7320700
26	1508338394	1678124697	7320700
25	1508338383	1678124628	7320700
24	1506974403	1674777012	5982545
23	1506953360	1674701510	7320700
22	1506953195	1674700994	7320700
21	1506953159	1674700852	7320700
20	1506863571	1674695956	7320700
19	1506863511	1674695581	7320700
18	1506796825	1674444980	7320700
17	1506796822	1674444965	7320700
16	1505561798	1672441537	7320700
15	1505561789	1672441428	7320700
14	1461871127	1655003580	7320700
13	1461871052	1655003231	7320700
12	1461870541	1655001732	7320700
11	1461870514	1655001638	7320700
10	1461870458	1655001377	7320700
9	1388116602	1641654920	7320700
8	1379446249	1631913345	7320700
7	1367446249	1628244804	3512728
6	1367446244	1628244758	3512728
5	1367084980	1626569804	7320700
4	1367071484	1626547277	7320700
3	1367071476	1626547200	7320700
2	1367071471	1626547181	7320700
1	1367071446	1626547067	7320700
0	1367071438	1626547000	7320700
