slug: rpc-611
title: "RPC-611"
tags: ["black", "contact-hazard", "gd-east", "incorporeal-hazard", "mind-control-hazard", "omega", "rpc", "sapient-hazard", "sensory-hazard"]
22	1541748615	1770048869	5982545
21	1532695356	1759707469	9807395
20	1525000401	1728065605	3072892
19	1508711744	1679341268	2818841
18	1387470776	1639365342	2818841
17	1387240541	1638375022	2818841
16	1386216415	1636560581	2818841
15	1379057519	1630588488	2818841
14	1367173149	1627059573	5716946
13	1367158313	1626967667	2818841
12	1367158297	1626967555	2818841
11	1367158003	1626965815	2818841
10	1367157043	1626961545	2818841
9	1367157028	1626961446	2818841
8	1367157025	1626961427	2818841
7	1367150894	1626926163	2818841
6	1367150888	1626926098	2818841
5	1367150871	1626925991	2818841
4	1367150854	1626925855	2818841
3	1367150844	1626925791	2818841
2	1367150839	1626925759	2818841
1	1367150829	1626925658	2818841
0	1367150588	1626924034	2818841
