slug: a-summary-of-the-late-history-of-the-auctoritas-imperata
title: "A Summary of the Late History of the Auctoritas Imperata"
tags: ["document", "history", "research"]
34	1496186703	1665279682	6371726
33	1496186695	1665279645	6371726
32	1460233350	1650323744	3638389
31	1460233337	1650323615	3638389
30	1460233334	1650323577	3638389
29	1460233328	1650323554	3638389
28	1460233325	1650323536	3638389
27	1459996837	1649526882	3638389
26	1459996834	1649526869	3638389
25	1459878802	1649206770	3638389
24	1459878791	1649206719	3638389
23	1459878751	1649206504	3638389
22	1459783413	1649034085	3672751
21	1459783408	1649034060	3672751
20	1387889430	1640652050	5258122
19	1387889420	1640652011	5258122
18	1387889412	1640651996	5258122
17	1367451733	1628278266	3638389
16	1367259275	1627425512	3638389
15	1367259234	1627425384	3672751
14	1367259065	1627424642	3638389
13	1367258985	1627424152	3638389
12	1367258968	1627424073	3638389
11	1367258966	1627424055	3638389
10	1367258921	1627423742	3638389
9	1367258834	1627423591	3638389
8	1367258819	1627423512	3638389
7	1367258791	1627423363	3638389
6	1367258785	1627423351	3638389
5	1367258784	1627423340	3638389
4	1367258780	1627423332	3638389
3	1367258760	1627423320	3638389
2	1367258568	1627423173	3638389
1	1367258556	1627423060	3638389
0	1367258554	1627423040	3638389
