slug: rpc-822
title: "RPC-822"
tags: ["alpha", "auditory-hazard", "rpc", "sapient-hazard", "sensory-hazard", "translated", "visual-hazard", "white"]
16	1479205164	1658494790	4330657
15	1479204979	1658494269	4330657
14	1479204974	1658494237	4330657
13	1479204967	1658494209	4330657
12	1479204961	1658494180	4330657
11	1479204955	1658494158	4330657
10	1479204949	1658494137	4330657
9	1479204943	1658494116	4330657
8	1386286840	1636757355	5689914
7	1386286831	1636757340	5689914
6	1379930015	1633595822	4330657
5	1379930013	1633595795	4330657
4	1371997904	1629646535	4330657
3	1367508542	1628536254	3512728
2	1367508534	1628536168	3512728
1	1367462456	1628342480	4330657
0	1367460060	1628330191	4330657
