slug: first-day
title: "First Day"
tags: ["gd-schl", "research", "tale"]
27	1516899481	1703108680	5181020
26	1516899463	1703108545	5181020
25	1516899403	1703108286	5181020
24	1368723432	1628975969	5181020
23	1368722855	1628975613	5181020
22	1368639209	1628950958	5181020
21	1368639110	1628950591	5181020
20	1368639067	1628950411	5181020
19	1368639053	1628950346	5181020
18	1368639046	1628950302	5181020
17	1368639032	1628950229	5181020
16	1368638538	1628948444	4318134
15	1367572164	1628784337	3672751
14	1367567428	1628765472	2947029
13	1367561473	1628744728	5181020
12	1367559188	1628733460	5181020
11	1367559183	1628733431	5181020
10	1367559162	1628733282	5181020
9	1367559153	1628733245	5181020
8	1367559148	1628733169	5181020
7	1367559143	1628733108	5181020
6	1367559136	1628733061	5181020
5	1367559121	1628732951	5181020
4	1367559112	1628732905	5181020
3	1367559102	1628732832	5181020
2	1367559097	1628732808	5181020
1	1367559094	1628732771	5181020
0	1367559075	1628732614	5181020
