slug: rpc-758
title: "RPC-758"
tags: ["aggression-hazard", "emotional-hazard", "gamma", "gd-war", "grouped-hazard", "incorporeal-hazard", "invisibility-hazard", "mind-regression-hazard", "purple", "rpc", "sapient-hazard", "transmutation-hazard"]
27	1527477638	1738077482	4330657
26	1524601923	1726329620	5982545
25	1474695266	1656708916	3672751
24	1379811054	1633213010	3672751
23	1379811011	1633212949	3672751
22	1379810688	1633212117	3672751
21	1379810684	1633212082	3672751
20	1379810679	1633212051	3672751
19	1379810673	1633212014	3672751
18	1379810669	1633211987	3672751
17	1379810663	1633211897	3672751
16	1379810623	1633211830	3672751
15	1379810619	1633211799	3672751
14	1379810614	1633211782	3672751
13	1379810605	1633211697	3672751
12	1379810601	1633211676	3672751
11	1379810563	1633211577	3672751
10	1379810561	1633211552	3672751
9	1379770986	1633079773	5293995
8	1379442758	1631893284	4315330
7	1379432528	1631836956	4981794
6	1379432473	1631836376	2818841
5	1379432459	1631836060	2818841
4	1379432429	1631835745	2818841
3	1379427754	1631807445	7299722
2	1379427636	1631807219	7299722
1	1379427612	1631807054	7299722
0	1379427061	1631804892	4330657
