slug: new-frontier
title: "New Frontier"
tags: ["event"]
39	1479247437	1658632132	3970162
38	1460567865	1650913155	3672751
37	1388991838	1645372373	5258122
36	1388356480	1642893926	3970162
35	1386141167	1636344001	3952836
34	1386125326	1636255975	3952836
33	1386024816	1635737832	3952836
32	1386001670	1635640595	5258122
31	1386001610	1635640376	5258122
30	1386000868	1635637545	3952836
29	1379911684	1633530509	3952836
28	1379622252	1632617874	3638389
27	1379622214	1632617449	3638389
26	1379622209	1632617422	3638389
25	1379591809	1632507820	1315056
24	1379474364	1632060479	3970162
23	1379469629	1632032467	3952836
22	1379467561	1632019699	3952836
21	1379467469	1632019146	5258122
20	1379467456	1632019086	5258122
19	1379467392	1632018790	5258122
18	1379467388	1632018768	5258122
17	1379467358	1632018735	5258122
16	1379467329	1632018479	3952836
15	1379467325	1632018444	3952836
14	1379467283	1632018338	3952836
13	1379467208	1632017973	3952836
12	1379467205	1632017956	3952836
11	1379446628	1631915578	3638389
10	1379446606	1631915463	3638389
9	1379446430	1631914538	4365296
8	1379446417	1631914416	4365296
7	1379446351	1631913880	4365296
6	1379446341	1631913858	4365296
5	1379446333	1631913820	4365296
4	1379446331	1631913799	4365296
3	1379446321	1631913732	4365296
2	1379446320	1631913711	4365296
1	1379446294	1631913491	4365296
0	1379446255	1631913421	4365296
