slug: new-frontier-format
title: "New Frontier Format"
tags: ["format", "information"]
29	1462142466	1655668355	3638389
28	1462142415	1655668136	5258122
27	1460567866	1650913166	3672751
26	1385292531	1634858718	3672751
25	1379622210	1632617434	3638389
24	1379622192	1632617328	5258122
23	1379591808	1632507812	1315056
22	1379495733	1632170646	5258122
21	1379495686	1632170576	5258122
20	1379482517	1632109453	5258122
19	1379482321	1632108696	5258122
18	1379482277	1632108461	5258122
17	1379478376	1632084721	5258122
16	1379478325	1632084608	5258122
15	1379474733	1632062475	5258122
14	1379469401	1632031224	5258122
13	1379469346	1632030995	5258122
12	1379468148	1632022325	5258122
11	1379467496	1632019309	5258122
10	1379467489	1632019269	5258122
9	1379467464	1632019114	5258122
8	1379467343	1632018615	3952836
7	1379467281	1632018318	3952836
6	1379467278	1632018296	3952836
5	1379446506	1631915292	3970162
4	1379446473	1631914970	3970162
3	1379446364	1631913955	4365296
2	1379446359	1631913935	4365296
1	1379446355	1631913908	4365296
0	1379446259	1631913454	4365296
