slug: the-clown-and-the-cop-chapter-1
title: "The Clown And The Cop (Chapter 1)"
tags: ["alt-timeline", "rcpa", "tale"]
17	1529970120	1746483228	3293845
16	1514733814	1696888182	3293845
15	1514733753	1696887945	3293845
14	1514733747	1696887881	3293845
13	1514733730	1696887752	3293845
12	1514733682	1696887561	3293845
11	1514733611	1696887353	3293845
10	1514733607	1696887293	3293845
9	1497066713	1667214994	3293845
8	1460130250	1650013253	3293845
7	1460017372	1649625034	3293845
6	1388396766	1643094573	3293845
5	1386305989	1636809516	3293845
4	1379659619	1632641955	4846863
3	1379633572	1632639444	3293845
2	1379603643	1632579745	3293845
1	1379603640	1632579700	3293845
0	1379603636	1632579676	3293845
