slug: list-of-thaumaturgic-arts
title: "List Of Thaumaturgic Arts"
tags: ["collaboration", "document", "mi13"]
28	1542581439	1773153914	4330657
27	1542581433	1773153880	4330657
26	1542581426	1773153851	4330657
25	1542581421	1773153839	4330657
24	1542581412	1773153816	4330657
23	1542581407	1773153800	4330657
22	1542581401	1773153786	4330657
21	1542581373	1773153692	4330657
20	1532202243	1757412488	4330657
19	1532202240	1757412442	4330657
18	1532202236	1757412414	4330657
17	1532202234	1757412391	4330657
16	1532202222	1757412318	4330657
15	1532202215	1757412289	4330657
14	1532039388	1756877159	4330657
13	1532033351	1756836232	4330657
12	1532033281	1756836168	4330657
11	1532033245	1756836130	4330657
10	1532030063	1756833532	4330657
9	1519050607	1710628002	4330657
8	1517963995	1706834214	4330657
7	1517963991	1706834182	4330657
6	1517675216	1706062481	4330657
5	1517385396	1705097672	4330657
4	1517299539	1704883137	2947029
3	1517263978	1704711130	4330657
2	1517263932	1704711061	4330657
1	1517263928	1704711046	4330657
0	1517263911	1704710909	4330657
