slug: component:below-zero-theme
title: "Below Zero Theme"
tags: ["theme"]
25	1050603465	1584296363	3118961
24	1048199935	1583779638	3118961
23	1046911879	1582589199	3118961
22	1046911823	1582588902	3118961
21	1046911819	1582588888	3118961
20	1046911808	1582588854	3118961
19	1046911792	1582588839	3118961
18	1046911332	1582586474	3118961
17	1046911327	1582586451	3118961
16	1046911319	1582586416	3118961
15	1046911074	1582585161	3118961
14	1046911023	1582584942	3118961
13	1046910919	1582584590	3118961
12	1046910061	1582581090	3118961
11	1035402487	1581734934	3118961
10	1034417417	1580428978	3118961
9	1033623126	1577907840	3118961
8	1033623120	1577907825	3118961
7	986471762	1574823184	3118961
6	986415527	1574629646	3118961
5	981291656	1573774990	3118961
4	981291653	1573774962	3118961
3	981291650	1573774934	3118961
2	981291648	1573774882	3118961
1	981291646	1573774847	3118961
0	981291643	1573774824	3118961
