slug: _404
title: "_404"
tags: []
23	1520416022	1716376275	8285008
22	1520036751	1714966079	4293614
21	1311960613	1597940087	4921282
20	1311960570	1597940063	4921282
19	1311960512	1597939790	4921282
18	1311960505	1597939767	4921282
17	1311960453	1597939684	4921282
16	1311960378	1597939368	4921282
15	1311960368	1597939338	4921282
14	1311960361	1597939322	4921282
13	1311960356	1597939300	4921282
12	1073455479	1586856383	6295671
11	1073455193	1586856185	6295671
10	1073455190	1586856179	6295671
9	1073455187	1586856157	6295671
8	1073455079	1586856133	6295671
7	1073454882	1586856000	6295671
6	1073454880	1586855990	6295671
5	1072942949	1585873054	6295671
4	142512830	1534556870	4415332
3	142512796	1534556847	4415332
2	142512662	1534556802	4415332
1	142421460	1534535728	4488053
0	142421275	1534535681	4488053
