slug: rpc-940
title: "RPC-940"
tags: ["ballistic-hazard", "beta", "co-authored", "explosive-hazard", "foa", "gard", "mechanical-hazard", "orange", "organic-hazard", "rpc", "sapient-hazard", "top10", "translated", "utility"]
40	1389166454	1646282845	3672751
39	1389023691	1645523429	7271260
38	1387573444	1639572375	7271260
37	1387452407	1639272144	7271260
36	1387452374	1639272026	7271260
35	1387452365	1639271991	7271260
34	1379383918	1631544678	5293995
33	1379383916	1631544660	5293995
32	1318429042	1598224006	5293995
31	1318429035	1598223933	5293995
30	1318429027	1598223884	5293995
29	1318429024	1598223868	5293995
28	1311107776	1596582889	5293995
27	1311103404	1596561845	5293995
26	1306528244	1596156168	5293995
25	1306525304	1596156106	5293995
24	1047087602	1582957788	4981794
23	1047087145	1582956903	6129319
22	1034412396	1580407133	3952836
21	1034412156	1580406281	3952836
20	1034281025	1580362263	5331749
19	1034281022	1580362247	5331749
18	993869409	1575437547	5293995
17	993683075	1575434010	5293995
16	971655901	1572223317	3118961
15	971655899	1572223309	3118961
14	971642708	1572151148	5293995
13	971371669	1571877146	5293995
12	961531741	1569960315	4930765
11	921692098	1567309248	4583766
10	904437813	1566016746	4930765
9	904437637	1566016222	4930765
8	881061595	1562644713	5293995
7	881061316	1562643949	5293995
6	881060431	1562640224	4930765
5	881060266	1562639486	4930765
4	881041970	1562558961	5293995
3	881033433	1562513357	5293995
2	881021722	1562459584	5293995
1	881021686	1562459259	5293995
0	881021634	1562459025	5293995
