slug: beasts-in-the-belly-of-the-beast
title: "Beasts, in the Belly of the Beast"
tags: ["church-of-malthus", "eoi-tale", "eventwinner", "fail-safe", "military", "tale", "translated"]
12	1527290636	1737140586	9487909
11	1527290632	1737140564	9487909
10	1508570970	1678929053	5982545
9	1508570007	1678923526	5982545
8	1508569997	1678923440	5982545
7	1357575042	1605161141	3118961
6	1357575034	1605161092	3118961
5	889485832	1563061087	3646714
4	889287947	1563038787	4302636
3	889287766	1563038524	4302636
2	889122438	1563029335	4302636
1	889117462	1563029206	4302636
0	889116374	1563029181	4302636
