slug: contest:004contestvizlox
title: "ACS Entropy"
tags: ["004"]
14	1516993303	1703520116	5982545
13	847696315	1559349528	3118961
12	847696302	1559349365	3118961
11	847696296	1559349348	3118961
10	847696295	1559349336	3118961
9	847696290	1559349308	3118961
8	844836471	1558046340	3118961
7	835499382	1557705223	3118961
6	835238044	1557605520	3118961
5	835156986	1557576381	3118961
4	835153582	1557575005	3118961
3	835123634	1557549916	3118961
2	835121852	1557546799	3118961
1	835121840	1557546787	3118961
0	835121790	1557546759	3118961
