slug: fragment:rpc-231-1
title: "Rpc 231"
tags: []
18	1523189201	1721784538	5982545
17	1523189193	1721784512	5982545
16	1495786968	1664111688	5982545
15	956978015	1569334037	5017664
14	956977910	1569333798	5017664
13	948313593	1568406279	5017664
12	945195669	1568079726	5017664
11	945195567	1568079347	5017664
10	945195254	1568078494	5017664
9	945145931	1568056655	5017664
8	945143627	1568055925	5017664
7	945142804	1568055891	5017664
6	945142428	1568055787	5017664
5	945135048	1568055508	5017664
4	945134854	1568055249	5017664
3	904583818	1566327807	5017664
2	899845097	1565034026	5017664
1	899845063	1565033967	5017664
0	899845059	1565033942	5017664
