slug: site-095
title: "Site-095"
tags: ["document", "site", "translated"]
19	1526977933	1735350678	9487909
18	1526977930	1735350657	9487909
17	1526977929	1735350647	9487909
16	1518744819	1709348583	2947029
15	1361932429	1616985659	6579982
14	1361731111	1616434987	6579982
13	1319605544	1599382119	5716946
12	1075276547	1587837590	3118961
11	1046881371	1582477775	3118961
10	1034691227	1581315352	3702925
9	1034667347	1581220054	3702925
8	1033946439	1579211069	3702925
7	1033945406	1579207651	5331749
6	1033743221	1578444476	4315330
5	957058600	1569388227	3702925
4	957058471	1569388054	3702925
3	957058377	1569387942	3702925
2	957058365	1569387915	3702925
1	957058281	1569387796	3702925
0	957058265	1569387758	3702925
