slug: rpc-130
title: "RPC-130"
tags: ["alpha", "church-of-malthus", "info-hazard", "mechanical-hazard", "orange", "rpc", "translated", "visual-hazard"]
44	1543350358	1776239183	4330657
43	1531285209	1753902455	3293845
42	1496178368	1665236605	6371726
41	1389146378	1646184333	7287895
40	1367314011	1627647436	7299722
39	1319170053	1599300591	6264298
38	1215167392	1593234540	4315330
37	1215167381	1593234508	4315330
36	1073239757	1586713263	3638389
35	1073239706	1586713254	3638389
34	946022880	1568163048	3952836
33	933709528	1567560138	3118961
32	888225390	1562954860	4583766
31	888225388	1562954851	4583766
30	865375934	1561250248	1315056
29	865375929	1561250233	1315056
28	856148697	1560885540	3638389
27	844951355	1558224480	3167282
26	682077989	1552370247	3970162
25	655833544	1551540461	3167282
24	641726795	1549763771	3167282
23	641689323	1549668381	3167282
22	641358194	1548917919	5100742
21	591524913	1547410140	3167282
20	537574642	1545519373	2906223
19	508326235	1544573921	3646714
18	508325333	1544573897	3646714
17	371696968	1541904770	3638389
16	371693553	1541904695	3638389
15	367005609	1541801907	3952836
14	213064995	1539797363	4695861
13	167969913	1539036582	3952836
12	164762183	1538965738	4558857
11	164762171	1538965721	4558857
10	146713419	1535827692	3625466
9	146712717	1535826133	1574054
8	142331105	1534513364	4297718
7	142330754	1534513292	4297718
6	141053359	1534216599	2773416
5	141053328	1534216591	2773416
4	140922277	1534178060	3167282
3	140692993	1534115302	3167282
2	140689688	1534114466	3167282
1	140689575	1534114443	3167282
0	140689322	1534114378	3167282
