slug: rpc-626
title: "RPC-626"
tags: ["aggression-hazard", "auditory-hazard", "contact-hazard", "ecological-hazard", "esoteric-hazard", "extra-terrestrial-hazard", "gamma", "geological-hazard", "purple", "rpc"]
26	1474842395	1656710967	3970162
25	1371971794	1629530499	1929170
24	1319866293	1599452131	1929170
23	1073242353	1586714876	3638389
22	1073242349	1586714863	3638389
21	888225756	1562956928	4583766
20	888225754	1562956917	4583766
19	717022387	1554154136	2930589
18	717022369	1554154102	2930589
17	717022210	1554153812	2930589
16	700801461	1553643201	3952836
15	700801325	1553642854	3952836
14	700801321	1553642841	3952836
13	650215873	1551036681	3617519
12	650215863	1551036647	3617519
11	641529300	1549335440	3118961
10	641528619	1549333153	3952836
9	213392763	1539807151	3952836
8	167929549	1539035285	3952836
7	166900929	1539012454	2947029
6	166899306	1539012442	2947029
5	164626669	1538962282	2976054
4	146717031	1535836994	2773416
3	141052931	1534216451	2773416
2	141013065	1534201668	4365296
1	140737722	1534127585	1929170
0	140737476	1534127509	1929170
