slug: rpc-fox-j
title: "RPC-FOX-J"
tags: ["non-hazardous", "rpc-j", "translated"]
25	1387147001	1638210360	4366086
24	1362083181	1617764838	3512728
23	1362083178	1617764781	3512728
22	1362083168	1617764708	3512728
21	1362083165	1617764686	3512728
20	1362083156	1617764617	3512728
19	1362083154	1617764605	3512728
18	1358648841	1608779139	5982545
17	1357583538	1605207448	5689914
16	1357583535	1605207437	5689914
15	1088121807	1589361095	4981794
14	889626917	1563076478	3118961
13	847254079	1558984106	3952836
12	844447491	1557987387	2280149
11	439563217	1543725896	3207272
10	314166429	1540817690	4366086
9	314166395	1540817634	4366086
8	213980197	1539825857	2773416
7	213214548	1539800927	3952836
6	212215668	1539533331	3638389
5	168227800	1539044777	3952836
4	146713011	1535826635	3625466
3	141554923	1534312134	2906223
2	140959260	1534187153	3349606
1	140779728	1534139035	4366086
0	140777781	1534138454	4366086
