slug: rpc-571
title: "RPC-571"
tags: ["children-of-nihil", "emotional-hazard", "gamma", "grouped-hazard", "ideological-hazard", "info-hazard", "rpc", "translated", "yellow"]
25	1544790110	1782088380	7013424
24	1533196774	1761325254	9487909
23	1533196768	1761325229	9487909
22	1532564831	1759253572	4330657
21	1532311616	1757984562	5982545
20	1532311443	1757983623	3191742
19	1532191633	1757342817	5982545
18	1531769282	1756170895	4330657
17	1531769275	1756170864	4330657
16	1531765223	1756142378	4330657
15	1531652534	1755621914	4330657
14	1531652339	1755621038	4330657
13	1531643507	1755589057	4330657
12	1531609188	1755417687	5716946
11	1531593584	1755330958	4330657
10	1531588790	1755309700	7013424
9	1531526972	1755057101	4330657
8	1531479649	1754838346	3050074
7	1531478978	1754835588	4330657
6	1531478947	1754835477	4330657
5	1531478873	1754835260	4330657
4	1531478868	1754835246	4330657
3	1531478861	1754835220	4330657
2	1531478856	1754835183	4330657
1	1531478850	1754835152	4330657
0	1531478821	1754835053	4330657
