slug: site-070
title: "Site-070"
tags: ["document", "site", "translated"]
18	1543067698	1775117176	4330657
17	1541670445	1769754909	4330657
16	1541594879	1769402125	4330657
15	1541399744	1768415798	7013424
14	1533012221	1760379792	9487909
13	1532859407	1759959395	9487909
12	1532859403	1759959384	9487909
11	1532299253	1757913697	2947029
10	1531653670	1755630439	4330657
9	1531652632	1755622779	3050074
8	1531646596	1755600134	4330657
7	1531644233	1755591994	4330657
6	1531643790	1755590161	4330657
5	1531643762	1755589976	4330657
4	1531643535	1755589163	4330657
3	1531643530	1755589150	4330657
2	1531643528	1755589137	4330657
1	1531643459	1755588819	4330657
0	1531643430	1755588648	4330657
