slug: rpc-452
title: "RPC-452"
tags: ["gamma", "missingrpc", "orange", "rpc", "temporal-hazard", "translated", "uncontained"]
11	1533196791	1761325342	9487909
10	1533196786	1761325320	9487909
9	1532445945	1758654436	5982545
8	1532311618	1757984576	5982545
7	1532311447	1757983636	3191742
6	1532189827	1757335385	5982545
5	1532189077	1757331534	5982545
4	1532168130	1757221748	4315330
3	1532168095	1757221514	4315330
2	1532168092	1757221494	4315330
1	1532168043	1757221408	4315330
0	1532167994	1757221079	4315330
