slug: no-0288
title: "No. 0288"
tags: ["document", "goi-doc", "mi13"]
23	1543156945	1775498914	4330657
22	1543156888	1775498635	4330657
21	1542580638	1773151118	4330657
20	1542580635	1773151104	4330657
19	1542580616	1773151024	4330657
18	1541618093	1769505806	4330657
17	1541618084	1769505745	4330657
16	1541618077	1769505689	4330657
15	1541618076	1769505677	4330657
14	1541618074	1769505664	4330657
13	1532617030	1759469100	4330657
12	1532586108	1759337094	4330657
11	1532586104	1759337068	4330657
10	1532584721	1759332549	4330657
9	1532584712	1759332517	4330657
8	1532565209	1759255719	4330657
7	1532565206	1759255688	4330657
6	1532546389	1759163915	4330657
5	1532543481	1759152553	4330657
4	1532542847	1759150003	4330657
3	1532540660	1759141219	4330657
2	1532540655	1759141190	4330657
1	1532540648	1759141176	4330657
0	1532540642	1759141117	4330657
