slug: rpc-715
title: "RPC-715"
tags: ["aggression-hazard", "alpha", "amazing.co", "aquatic-hazard", "grouped-hazard", "organic-hazard", "rpc", "sentient-hazard", "transmutation-hazard", "yellow"]
17	1544747731	1781935112	9161410
16	1543946632	1778878645	7013424
15	1543946620	1778878585	7013424
14	1539389367	1763047437	9564345
13	1539324689	1762913069	5982545
12	1534393241	1761686697	9564345
11	1532634127	1759515080	3050074
10	1532569724	1759280780	3050074
9	1532569025	1759277725	3050074
8	1532566302	1759260995	9564345
7	1532565852	1759258440	9564345
6	1532565617	1759257465	9564345
5	1532565468	1759256705	9564345
4	1532565204	1759255671	9564345
3	1532564947	1759254113	9564345
2	1532564772	1759253336	9564345
1	1532564750	1759253279	9564345
0	1532564681	1759253110	9564345
