slug: rich-in-stone-and-mud
title: "Rich In Stone and Mud"
tags: ["gd-east", "gd-north", "tale"]
13	1542069523	1771064485	8630580
12	1541846252	1770554579	8630580
11	1539272167	1762796724	8630580
10	1539271986	1762796140	8630580
9	1539271979	1762796119	8630580
8	1539271763	1762795741	8630580
7	1539271735	1762795682	8630580
6	1539271704	1762795603	8630580
5	1537521848	1762029042	8630580
4	1537521704	1762029024	8630580
3	1532817338	1759867147	8630580
2	1532686085	1759662605	8630580
1	1532683995	1759654211	8630580
0	1532682510	1759647834	8630580
