slug: rpc-714
title: "RPC-714"
tags: ["ballistic-hazard", "church-of-malthus", "microscopic-hazard", "mind-regression-hazard", "orange", "organic-hazard", "regenerative-hazard", "research-tone", "rpc", "transmutation-hazard", "utility"]
18	1531643466	1755588850	4330657
17	1531643380	1755588522	4330657
16	1531624738	1755496168	4330657
15	1518807143	1709676787	4330657
14	1513892892	1694486919	4846863
13	1511211307	1686422641	4330657
12	1511161566	1686369209	4330657
11	1511154504	1686349626	5982545
10	1511154482	1686349395	5982545
9	1511120434	1686261766	4330657
8	1511120427	1686261714	4330657
7	1511120360	1686261421	4330657
6	1511120338	1686261248	4330657
5	1511105664	1686249527	4330657
4	1511105650	1686249397	4330657
3	1511105646	1686249387	4330657
2	1511105642	1686249366	4330657
1	1511105633	1686249318	4330657
0	1511105610	1686249198	4330657
