slug: rpc-812
title: "RPC-812"
tags: ["alpha", "amazing.co", "contact-hazard", "rpc", "transmutation-hazard", "yellow"]
12	1544747668	1781934745	9161410
11	1532471087	1758795754	8630580
10	1529481108	1745340979	8630580
9	1513104854	1692453251	8630580
8	1512201417	1689178361	8630580
7	1512005793	1688676686	3050074
6	1511712172	1688122283	8630580
5	1511625374	1687883388	8630580
4	1511584095	1687730651	8630580
3	1511583794	1687728794	8630580
2	1511583791	1687728735	8630580
1	1511583638	1687728253	8630580
0	1511583621	1687728191	8630580
