slug: joke-rpcs
title: "(Archived) Joke RPCs"
tags: ["archived"]
122	1520930802	1718386361	5982545
121	1512997086	1692029947	5982545
120	1512996892	1692029255	5982545
119	1118417786	1590282731	2200357
118	1084923908	1589114574	3118961
117	847907345	1560302737	4608740
116	847771340	1559693363	2200357
115	847758314	1559638704	3722979
114	847252593	1558978602	3952836
113	847224738	1558867462	3722979
112	806874695	1556667672	3970162
111	805184486	1556421216	3952836
110	801974414	1556007005	3722979
109	751336978	1555358833	2930589
108	719260643	1554497236	3952836
107	719259524	1554494140	5017664
106	717296792	1554253785	4850245
105	683520445	1553133201	4981794
104	677582313	1552065904	4315330
103	674280571	1551925190	3118961
102	643656913	1550352762	3952836
101	641821709	1550033176	4315330
100	641795032	1549957215	4264609
99	641782697	1549921567	3638389
98	641733754	1549785048	3638389
97	641733749	1549785012	3638389
96	641733728	1549784911	2930589
95	641528910	1549334115	3118961
94	641450093	1549137304	3118961
93	641397809	1549011656	3952836
92	623131613	1548005820	4558857
91	623115130	1548005511	4558857
90	599997864	1547598558	4284983
89	599955251	1547598047	3118961
88	538098738	1545587688	3118961
87	538096487	1545579015	3118961
86	537831298	1545556187	4981794
85	537831143	1545556122	4981794
84	535411844	1545428232	4911267
83	380051362	1542132090	2906223
82	375037897	1541979041	3952836
81	372100196	1541921068	4558857
80	371776177	1541907097	3207272
79	343781040	1541056534	3638389
78	343533607	1541054533	4464984
77	303265996	1540636043	4105536
76	251723545	1540251496	3118961
75	242748223	1540166417	3118961
74	242745805	1540166390	3118961
73	242425962	1540162626	3625466
72	242415245	1540162460	3118961
71	205733254	1539463879	3646714
70	175762005	1539208519	3646714
69	149493939	1538363219	3646714
68	149316424	1538283897	4583766
67	149316053	1538283728	4583766
66	148534895	1537948675	4598928
65	148122809	1537662530	3646714
64	147431539	1536787544	3638389
63	147318402	1536621345	3702925
62	147303439	1536584017	3688493
61	147022486	1536196752	3646714
60	146829520	1535936811	3646714
59	146726048	1535866791	4267177
58	146725653	1535865335	3646714
57	146714586	1535830671	3118961
56	142810054	1534649402	3118961
55	141854152	1534388492	4293284
54	141164380	1534245627	358305
53	140777853	1534138502	4366086
52	139878326	1533983971	3970162
51	138231014	1533611182	4365296
50	137702796	1533515111	3952836
49	137701509	1533514915	3952836
48	137671390	1533509811	4366086
47	137581832	1533496226	3638389
46	136598762	1533269715	358305
45	136585023	1533261460	4301161
44	136585015	1533261443	4301161
43	136585010	1533261429	4301161
42	136577127	1533236674	3803946
41	136465898	1533170102	3584923
40	136090301	1533061361	4240294
39	135704623	1532895427	2325809
38	135447603	1532799194	3584923
37	135445918	1532797190	4240294
36	135445671	1532796774	4240294
35	135272165	1532734191	3584923
34	135180694	1532715573	3584923
33	134638136	1532581484	2773416
32	134607519	1532573226	4301161
31	134331626	1532487499	3646714
30	133375732	1532045475	4273932
29	131538574	1531255483	3638389
28	130597530	1530729446	4293284
27	130406949	1530670754	4267177
26	129885168	1530474061	3019764
25	129730092	1530414989	4293614
24	129632474	1530370608	4262187
23	128342523	1530041402	2773416
22	128200435	1529990143	3992967
21	128175825	1529982275	4273244
20	128030801	1529908446	4273244
19	128028748	1529907509	4273244
18	128028574	1529907453	4273244
17	127793468	1529813656	4265917
16	127792500	1529813120	4265917
15	127789377	1529811805	4240294
14	127612533	1529742718	4267177
13	127554586	1529698941	4263566
12	127327225	1529638980	1545472
11	127275282	1529625110	4267177
10	126858435	1529560229	3992967
9	126857147	1529560140	3992967
8	126855979	1529560038	3992967
7	126378774	1529463448	3992967
6	126351712	1529451487	3118961
5	126348091	1529449836	4267177
4	126339597	1529446248	3992967
3	126138903	1529374803	2773416
2	125983759	1529286964	4240294
1	125407476	1529043966	4240294
0	125405886	1529043285	4240294
