slug: site-index
title: "Site Index"
tags: ["hub"]
140	1544583279	1781210732	4330657
139	1544583245	1781210683	4330657
138	1544583228	1781210568	4330657
137	1544436972	1780572185	4330657
136	1544436316	1780569667	7013424
135	1543004690	1774846830	4330657
134	1541735141	1769990187	10175576
133	1531644230	1755591973	4330657
132	1531165908	1753372303	9487909
131	1531149577	1753285012	9487909
130	1530571053	1750346499	4365296
129	1529203279	1744438993	9592404
128	1528281459	1741453494	9592404
127	1527828988	1739682562	8449816
126	1525154513	1728701706	8449816
125	1525139352	1728607245	8449816
124	1520714843	1717766530	8449816
123	1520708532	1717729875	8449816
122	1520705929	1717713683	8449816
121	1519832136	1714095675	3050074
120	1519823963	1714053434	8449816
119	1519552868	1712778110	3050074
118	1518762614	1709434740	4330657
117	1518762608	1709434706	4330657
116	1516214034	1700808548	4330657
115	1516214021	1700808454	4330657
114	1513681310	1693706617	5982545
113	1512395100	1689894851	2947029
112	1511584105	1687730730	8630580
111	1508925052	1679758249	7320700
110	1507773121	1676691123	7320700
109	1507611905	1676128611	5716946
108	1507286204	1675659648	8388846
107	1505541492	1672352353	3672751
106	1497313179	1668140226	3512728
105	1496131007	1665139177	2947029
104	1495327741	1662908968	4870061
103	1488498973	1661666240	4870061
102	1460377449	1650544437	7320700
101	1392871510	1646816960	4433848
100	1388925128	1645096978	5716946
99	1388762094	1644512514	2776183
98	1388674687	1644171179	4426566
97	1388280417	1642484959	5716946
96	1386207881	1636533457	5100742
95	1379317560	1631393414	3672751
94	1367422246	1628151121	6579982
93	1367151869	1626932370	6481401
92	1367071860	1626549553	7320700
91	1367071825	1626549253	7320700
90	1366998983	1626147605	3952836
89	1366986398	1626072479	2947029
88	1366985478	1626067206	2947029
87	1366867677	1625508444	7501070
86	1366541495	1624056682	6579982
85	1366522334	1623959394	6481401
84	1366417148	1623519854	7320700
83	1366415033	1623509966	7320700
82	1366414855	1623509497	7320700
81	1366413975	1623506024	7320700
80	1366413662	1623504620	7320700
79	1366407053	1623463900	2947029
78	1366406544	1623459849	2947029
77	1366397278	1623416943	7320700
76	1366397246	1623416658	7320700
75	1366397206	1623416402	7320700
74	1366397190	1623416323	7320700
73	1366397120	1623415893	7320700
72	1366391820	1623403305	2947029
71	1366386734	1623375401	7320700
70	1366386694	1623375219	7320700
69	1366386678	1623375126	7320700
68	1366358143	1623245564	7320700
67	1366357944	1623244927	2776183
66	1365924106	1622052832	7320700
65	1365923939	1622052306	7320700
64	1365756281	1621643882	7320700
63	1365746699	1621597857	7320700
62	1365726124	1621525788	7320700
61	1365649413	1621264342	7320700
60	1365648510	1621263588	7320700
59	1365647650	1621262587	7320700
58	1364849271	1620026190	6579982
57	1364734847	1619537579	7320700
56	1362066386	1617682463	3672751
55	1362008951	1617391895	6579982
54	1361950089	1617088627	6579982
53	1361950040	1617088252	6579982
52	1361773613	1616554314	6579982
51	1361773573	1616554136	6579982
50	1361773550	1616554037	6579982
49	1360734629	1615919179	7267085
48	1360734594	1615918958	7267085
47	1360730168	1615903023	2776183
46	1360730164	1615902995	2776183
45	1360570047	1615881493	5716946
44	1360563017	1615841734	2776183
43	1360562312	1615838066	6579982
42	1360307401	1615314618	2776183
41	1075281244	1587862364	3118961
40	1048386883	1584050804	3118961
39	1048386865	1584050752	3118961
38	1048386862	1584050733	3118961
37	1045560762	1582394094	3118961
36	906212525	1566663407	3118961
35	906212514	1566663366	3118961
34	906212488	1566663240	3118961
33	906212458	1566663224	3118961
32	904432412	1565990701	3952836
31	899806754	1565021918	3952836
30	899806651	1565021809	3952836
29	887557748	1562904760	3970162
28	887557745	1562904746	3970162
27	859517298	1561041118	1315056
26	847968104	1560394081	3970162
25	847968094	1560394037	3970162
24	847968093	1560394026	3970162
23	826566884	1557022207	3118961
22	802044079	1556122101	3952836
21	682541694	1552469383	3970162
20	641449755	1549136760	3118961
19	641382099	1548972767	3646714
18	604642581	1547690538	3646714
17	492458831	1544484538	3646714
16	235252556	1540081518	2773416
15	225559511	1539989427	3952836
14	212394843	1539726837	3646714
13	212394829	1539726772	3646714
12	212394824	1539726757	3646714
11	175914756	1539209698	3646714
10	175650819	1539207470	3646714
9	147506733	1536883205	3646714
8	147070184	1536258557	2773416
7	147007782	1536167831	3646714
6	147007778	1536167816	3646714
5	147005801	1536164802	3646714
4	132576456	1531603042	3970162
3	132576448	1531603026	3970162
2	132576403	1531603004	2773416
1	130721261	1530772358	2773416
0	130682980	1530759590	2773416
