slug: rpc-678
title: "RPC-678"
tags: ["aggression-hazard", "beta", "grouped-hazard", "rpc", "sapient-hazard", "yellow"]
15	1509938521	1682865116	6371726
14	1509928288	1682834003	7287895
13	1358982293	1610235636	3672751
12	886210353	1562880870	3638389
11	847260287	1559012552	2944267
10	847260275	1559012506	2944267
9	847260266	1559012477	2944267
8	439512876	1543642246	4268005
7	439512835	1543642123	2944267
6	213321156	1539805457	3952836
5	167920348	1539034997	3952836
4	164588371	1538961345	2976054
3	146717291	1535837880	2773416
2	146717055	1535837070	2773416
1	139014385	1533789227	4365296
0	138697618	1533695784	4240294
