slug: rpc-288
title: "RPC-288"
tags: ["emotional-hazard", "info-hazard", "memory-alteration-hazard", "omega", "orange", "psychotronic-hazard", "radiation-hazard", "rpc", "sensory-hazard", "uncontained", "visual-hazard"]
15	1379412602	1631713372	7271260
14	1379412595	1631713318	7271260
13	1379408029	1631687997	4981794
12	1050823950	1584735737	6081319
11	1050823737	1584735005	6081319
10	1050823721	1584734951	6081319
9	1050823632	1584734726	6081319
8	1050823620	1584734676	6081319
7	1050823615	1584734652	6081319
6	1047592984	1583138561	6081319
5	1047581896	1583100103	6081319
4	1047549001	1583079356	6081319
3	1047530513	1583008085	6081319
2	1047530404	1583007500	6081319
1	1037172541	1582024116	6081319
0	1037172539	1582024099	6081319
