slug: secure-authority-facilities
title: "Secure Authority Facilities"
tags: ["information", "lore"]
56	1523254106	1722111886	5982545
55	1523253794	1722109032	3638389
54	1513286448	1692913569	5982545
53	1509954988	1682938210	4433848
52	1496870049	1666614099	2776183
51	1364189689	1618995703	2776183
50	1360060649	1614109021	2776183
49	1357721961	1605767566	2776183
48	1357721799	1605766927	3970162
47	1357721704	1605766069	2776183
46	1357721663	1605765985	2776183
45	1357721661	1605765981	2776183
44	1357721660	1605765978	2776183
43	1357721659	1605765974	2776183
42	1357721658	1605765971	2776183
41	1357721657	1605765967	2776183
40	1357721656	1605765963	2776183
39	1357721654	1605765960	2776183
38	1357721653	1605765955	2776183
37	1288996666	1595796472	3118961
36	1034280141	1580358139	3118961
35	1034278940	1580353726	5331749
34	1034179191	1579987769	3118961
33	986400312	1574558005	2776183
32	983350812	1574000842	2776183
31	983350408	1574000792	2776183
30	983334133	1574000496	2776183
29	983332591	1574000472	2776183
28	983331133	1574000447	2776183
27	983330147	1574000433	2776183
26	983328980	1574000417	2776183
25	983327934	1574000397	2776183
24	983327282	1574000386	2776183
23	983326938	1574000381	2776183
22	983326667	1574000377	2776183
21	983326340	1574000372	2776183
20	983325997	1574000368	2776183
19	983325744	1574000364	2776183
18	983325431	1574000360	2776183
17	983325063	1574000355	2776183
16	983324656	1574000350	2776183
15	983324304	1574000345	2776183
14	983316141	1574000219	2776183
13	983314705	1574000187	2776183
12	983313089	1574000107	2776183
11	965151238	1570581509	2776183
10	965151175	1570581391	2776183
9	965151171	1570581367	2776183
8	965151166	1570581349	2776183
7	965151161	1570581327	2776183
6	965151158	1570581307	2776183
5	965151153	1570581285	2776183
4	965151144	1570581240	2776183
3	965151140	1570581219	2776183
2	965151137	1570581197	2776183
1	889486226	1563061353	3646714
0	887557548	1562904214	2776183
