slug: rpc-575
title: "RPC-575"
tags: ["aggression-hazard", "aquatic-hazard", "cetaces-kin", "gamma", "organic-hazard", "purple", "rpc"]
19	1075152969	1587417092	3702925
18	1075062622	1587350134	3702925
17	1073526714	1586915674	3702925
16	1054575407	1585374605	2944267
15	1050763005	1584631748	3702925
14	1050682800	1584460620	3118961
13	1050682637	1584460196	3118961
12	1050682421	1584459597	3118961
11	1048387711	1584052881	3118961
10	1047030437	1582859688	3702925
9	1036764964	1581996660	3702925
8	1034638765	1581099264	3702925
7	1034606195	1580966896	3702925
6	1034179086	1579987188	3118961
5	1033946749	1579212279	3702925
4	1033946598	1579211835	3702925
3	944166682	1567961213	3702925
2	933391401	1567556057	3702925
1	933349782	1567555673	3702925
0	933348632	1567555651	3702925
