slug: rpc-000
title: "RPC-000"
tags: ["co-authored", "rewrite", "rpc", "top10", "translated"]
73	1361734025	1616443965	3118961
72	1360145600	1614529647	5181020
71	1356108479	1601150327	5689914
70	1319415529	1599355699	6264298
69	1311972834	1597985901	6264298
68	1130294695	1590370731	3646714
67	1130248659	1590370256	3646714
66	1096460944	1589958085	3646714
65	1096460122	1589955882	3646714
64	1096460119	1589955868	3646714
63	1096151180	1589927096	3646714
62	1096150511	1589927086	3646714
61	1096149849	1589927072	3646714
60	1096149291	1589927059	3646714
59	1096148493	1589927047	3646714
58	1096030536	1589925209	3646714
57	1096029810	1589925198	3646714
56	1096028410	1589925179	3646714
55	1096016648	1589924994	3646714
54	1084567969	1588913505	3646714
53	1084567912	1588913437	3646714
52	1084567910	1588913429	3646714
51	1084567906	1588913414	3646714
50	1084567897	1588913353	3646714
49	1084567880	1588913291	3646714
48	1066133692	1585713491	3646714
47	1066132008	1585713464	3646714
46	1035120854	1581493508	3646714
45	1035120837	1581493418	3646714
44	1035120833	1581493326	3646714
43	1035120825	1581493287	3646714
42	980473490	1573535746	3646714
41	980057524	1573329391	3118961
40	964865448	1570551774	3646714
39	963251420	1570418937	3646714
38	963251253	1570418611	3646714
37	963251186	1570418497	3646714
36	963251180	1570418429	3646714
35	961581429	1570150997	3646714
34	961435598	1569948752	3646714
33	933440087	1567556660	3118961
32	904452986	1566061048	3118961
31	847718332	1559454331	3646714
30	847068267	1558468123	4548098
29	847068240	1558467962	3118961
28	802043779	1556121432	3952836
27	683716169	1553237369	3646714
26	385371922	1542219302	4583766
25	385369263	1542219270	4583766
24	213269729	1539802192	3952836
23	213269349	1539802182	3952836
22	147308033	1536596835	3646714
21	146724179	1535859638	3646714
20	132818646	1531766034	3646714
19	132297479	1531521598	3646714
18	131962201	1531440061	3646714
17	131925539	1531423148	3646714
16	131905105	1531413496	3646714
15	131904616	1531413209	3646714
14	131903938	1531412891	3646714
13	131902851	1531412334	3646714
12	131900219	1531411046	3646714
11	131394414	1531186328	3646714
10	131392975	1531184206	2906223
9	130191384	1530587139	3625466
8	129996138	1530501487	3646714
7	129944431	1530487867	3625466
6	129943226	1530487555	3625466
5	129932398	1530484192	3625466
4	129896116	1530476591	3646714
3	129893502	1530476121	3646714
2	129733448	1530415939	3646714
1	129733312	1530415923	3646714
0	129733276	1530415907	3646714
