slug: rpc-058
title: "RPC-058"
tags: ["extra-terrestrial-hazard", "gamma", "mechanical-hazard", "rpc", "sapient-hazard", "translated", "yellow"]
45	1530175830	1747672394	9487909
44	1530175823	1747672371	9487909
43	1530175819	1747672354	9487909
42	1530175815	1747672347	9487909
41	1517491706	1705594335	6371726
40	1517480265	1705540695	5982545
39	1517480225	1705540670	5982545
38	1517480221	1705540634	5982545
37	1517480162	1705540464	5982545
36	1507241410	1675529846	5982545
35	1507241286	1675529417	6371726
34	1507164103	1675360732	5689914
33	1507163132	1675357198	3672751
32	1507163126	1675357169	3672751
31	1507163123	1675357157	3672751
30	1507163117	1675357145	3672751
29	1507015266	1674880454	2818841
28	1506955382	1674710727	3672751
27	1506955314	1674710329	2818841
26	1496163087	1665166417	6371726
25	1388916742	1645059027	7287895
24	1387295861	1638647437	5689914
23	1367026481	1626304020	7271260
22	1367026478	1626304008	7271260
21	1083140557	1588289069	2034709
20	856154471	1560885693	3638389
19	847232356	1558898785	4558857
18	847231731	1558896363	4558857
17	641811171	1550000639	4558857
16	641810978	1550000200	4558857
15	641810947	1550000104	4558857
14	641810945	1550000093	4558857
13	641810938	1550000069	4558857
12	641810920	1550000011	4558857
11	641810893	1549999896	4558857
10	523666582	1544917341	4558857
9	366937906	1541800067	3952836
8	343753035	1541056303	3638389
7	343477876	1541053890	4464984
6	315961682	1540853203	2773416
5	315947033	1540853005	2773416
4	315882468	1540852203	2773416
3	313381718	1540775962	4558857
2	313370249	1540758569	4558857
1	313369711	1540757732	4558857
0	313369641	1540757640	4558857
