slug: creator-page
title: "Creator Page"
tags: ["archived"]
79	1496120376	1665096973	3118961
78	1496112723	1665071574	5982545
77	1495981971	1664751291	5258122
76	1495981713	1664749943	5258122
75	1461335378	1653796430	3952836
74	1366398490	1623420805	3952836
73	1361694425	1616268101	3952836
72	1361694422	1616268078	3952836
71	1360460148	1615499958	3952836
70	1356224931	1601574910	4297718
69	1356224894	1601574779	4297718
68	1289055708	1595797295	3118961
67	1246481495	1595025791	3952836
66	1246271423	1595022237	3118961
65	1244928259	1595001590	3952836
64	1244928174	1595001529	3952836
63	1242046330	1594918531	3952836
62	1241987929	1594917748	3970162
61	1241986270	1594917732	3970162
60	1142282704	1590452300	3952836
59	1073071702	1586225322	3638389
58	1046690778	1582429328	3118961
57	1046688104	1582429230	3118961
56	1033815809	1578699688	3952836
55	945196505	1568081600	3952836
54	901876276	1565626709	3952836
53	881020699	1562451717	3638389
52	847995618	1560466041	3970162
51	847995614	1560466016	3970162
50	847995610	1560466002	3970162
49	847995605	1560465979	3970162
48	847995580	1560465812	3970162
47	847995565	1560465671	3970162
46	847995541	1560465518	3970162
45	847995510	1560465226	3970162
44	847995501	1560465179	3970162
43	847995498	1560465170	3970162
42	847995489	1560465127	3970162
41	847995484	1560465112	3970162
40	847995482	1560465103	3970162
39	847995473	1560465008	3970162
38	847995460	1560464893	3970162
37	847995444	1560464768	3970162
36	847978688	1560437459	3952836
35	806103093	1556561868	3952836
34	806102804	1556561310	3952836
33	710497240	1553906705	3952836
32	683379853	1552970785	3970162
31	683379838	1552970759	3970162
30	683379828	1552970730	3970162
29	683379823	1552970705	3970162
28	683379795	1552970656	3970162
27	683379737	1552970523	3970162
26	683379724	1552970475	3970162
25	683379696	1552970403	3970162
24	683379686	1552970364	3970162
23	683379679	1552970346	3970162
22	683379648	1552970290	3970162
21	683379613	1552970182	3970162
20	682785522	1552604741	3646714
19	682660751	1552509704	3118961
18	682660749	1552509693	3118961
17	682541073	1552467603	3970162
16	682541036	1552467449	3970162
15	682414882	1552440743	3970162
14	666682142	1551753652	1315056
13	666632342	1551753097	5208732
12	656204718	1551550184	4297718
11	656170902	1551549837	4297718
10	651066079	1551403575	3646714
9	651066047	1551403501	3646714
8	651066029	1551403476	3646714
7	650853468	1551310322	3646714
6	638182067	1548616548	3952836
5	593197948	1547442806	3952836
4	580270576	1547004788	3118961
3	573061958	1546811590	3646714
2	543397755	1546186840	3118961
1	541115602	1546143464	3952836
0	541106315	1546143354	3952836
