slug: rpc-360
title: "RPC-360"
tags: ["cair-aisling", "extra-dimensional-hazard", "gamma", "rpc", "sentient-hazard", "teleportation-hazard", "yellow"]
17	1356699944	1602560921	3672751
16	1356699941	1602560898	3672751
15	1304412913	1596118549	4318942
14	1304346521	1596117326	4318942
13	1249530419	1595079504	4318942
12	1248169850	1595057431	4981794
11	1244766012	1594994531	4318942
10	1244763914	1594983679	4981794
9	1244763874	1594983213	4981794
8	1244763330	1594981073	3722979
7	1239687541	1594866277	3625466
6	1239679437	1594827409	4318942
5	1239679307	1594826968	4318942
4	1239677883	1594824855	4318942
3	1239677579	1594824548	4318942
2	1239677550	1594824422	4318942
1	1239677537	1594824342	4318942
0	1239677509	1594824192	4318942
