slug: rpc-390
title: "RPC-390"
tags: ["co-authored", "gamma", "ideological-hazard", "memory-alteration-hazard", "red", "rpc", "visual-hazard"]
37	1507244967	1675542966	5982545
36	1497490228	1668578230	1619464
35	1459620261	1648441489	3672751
34	1227096919	1594517015	3118961
33	1073851516	1587230280	3638389
32	1073851515	1587230266	3638389
31	1073851485	1587230257	3638389
30	880426278	1562259317	3638389
29	880426275	1562259308	3638389
28	880426271	1562259291	3638389
27	880426261	1562259241	3638389
26	802130403	1556244125	4981794
25	683857566	1553290217	1315056
24	683831853	1553286545	3952836
23	677793092	1552105504	2930589
22	641674445	1549647585	4981794
21	641633385	1549571998	3646714
20	641633274	1549571761	3646714
19	641633210	1549571691	3646714
18	554980252	1546401178	3646714
17	538327150	1545709306	3646714
16	466563335	1544193512	2241229
15	466547078	1544193408	2241229
14	439565731	1543731288	3638389
13	348509874	1541126217	3646714
12	213403380	1539807409	3952836
11	213340058	1539806168	3952836
10	208166768	1539484783	3646714
9	167899715	1539034148	4105536
8	166884786	1539012106	2947029
7	164928845	1538969894	2976054
6	147443573	1536809249	2773416
5	147442870	1536807803	2773416
4	147386983	1536722572	4365296
3	147218473	1536376148	2773416
2	147218466	1536376123	2773416
1	147218435	1536376076	2773416
0	147218431	1536376050	2773416
