slug: rpc-244
title: "RPC-244"
tags: ["beta", "ideological-hazard", "memory-alteration-hazard", "orange", "rpc", "sensory-hazard", "tychokinetic-hazard"]
17	1511070288	1686186020	5982545
16	1474986092	1656713673	3970162
15	1474985173	1656713660	3970162
14	1357389287	1604593117	1315056
13	682775287	1552574733	4583766
12	550395091	1546292802	1315056
11	340735775	1541017147	1315056
10	213408965	1539807559	3952836
9	213310485	1539804414	3952836
8	187943771	1539311524	1315056
7	176181964	1539211935	1315056
6	168211716	1539044259	3952836
5	164814080	1538967346	2976054
4	150035163	1538529586	4695861
3	148831769	1538097422	2906223
2	148830664	1538096840	1315056
1	148829911	1538096537	1315056
0	148829813	1538096515	1315056
