slug: alpha-1-angels-of-eden
title: "Alpha-1 \"Angels Of Eden\""
tags: ["document", "mst", "translated"]
63	1544731451	1781862180	4330657
62	1544731420	1781862154	4330657
61	1526684250	1734019859	9487909
60	1518775727	1709503272	3050074
59	1518775648	1709502783	3050074
58	1512124146	1688991654	6371726
57	1507225690	1675480304	2818841
56	1496083223	1664977745	2776183
55	1496082884	1664976729	2776183
54	1496082775	1664976278	2776183
53	1496082162	1664974809	2776183
52	1496082156	1664974746	2776183
51	1365921368	1622043596	4583766
50	1358477297	1608186544	4583766
49	1319169620	1599299539	6264298
48	1215189027	1593339010	6264298
47	1096844431	1590095508	2930589
46	1075276566	1587837649	3118961
45	1075070371	1587367903	4583766
44	1075070178	1587367513	4583766
43	1075069999	1587367294	4583766
42	1045524036	1582393191	3118961
41	902942089	1565709943	3118961
40	875474889	1561802733	4583766
39	847222038	1558852940	4268005
38	688452167	1553384827	2776183
37	688424651	1553384369	2776183
36	682665188	1552524381	2930589
35	681723651	1552290326	4268005
34	640372913	1548763524	4583766
33	589097256	1547216316	3167282
32	535449521	1545435907	3952836
31	504440382	1544525761	4268005
30	504372312	1544525355	4268005
29	439508905	1543630418	4268005
28	439508542	1543628986	4268005
27	439507908	1543626608	4583766
26	439507892	1543626574	4583766
25	342975223	1541046991	1574054
24	264903188	1540359233	4583766
23	264413046	1540357374	4583766
22	148513195	1537914922	4583766
21	148402498	1537773735	4583766
20	147851527	1537270023	3992967
19	147841977	1537243977	4583766
18	147841879	1537243793	4583766
17	147841862	1537243733	4583766
16	147841849	1537243708	4583766
15	147802631	1537134074	4583766
14	147801835	1537131191	4583766
13	147801733	1537131062	4583766
12	147801723	1537131033	4583766
11	147801615	1537130746	4583766
10	147801598	1537130691	4583766
9	147801590	1537130666	4583766
8	147801186	1537129452	4583766
7	147783600	1537084752	4583766
6	147783593	1537084724	4583766
5	147783572	1537084685	4583766
4	147783569	1537084656	4583766
3	147783561	1537084643	4583766
2	147783534	1537084576	4583766
1	147783419	1537084237	4583766
0	147783417	1537084224	4583766
