slug: rpc-690
title: "RPC-690"
tags: ["alpha", "extra-dimensional-hazard", "grouped-hazard", "organic-hazard", "rpc", "sapient-hazard", "translated", "white"]
33	1496163861	1665169457	6371726
32	1496163859	1665169447	6371726
31	1496163857	1665169439	6371726
30	1366490465	1623815038	3672751
29	700785270	1553640979	3952836
28	700781069	1553640885	3952836
27	700779249	1553640845	3952836
26	700777965	1553640736	3952836
25	683763327	1553264328	2241229
24	682638212	1552490591	4583766
23	641395979	1549006840	2776183
22	550009386	1546286457	4351685
21	539031258	1546049629	4351685
20	539025935	1546041227	4351685
19	539025249	1546040163	4351685
18	539025162	1546040064	4351685
17	538979158	1545971843	4351685
16	538964344	1545951562	3625466
15	538963388	1545950268	3638389
14	538962412	1545949128	3638389
13	538962401	1545949113	3638389
12	538962203	1545948844	3638389
11	538962176	1545948813	3638389
10	538960617	1545946794	3638389
9	538955405	1545939524	4351685
8	538950961	1545933048	3118961
7	538950941	1545933013	3118961
6	538950922	1545932988	3118961
5	538950848	1545932868	4351685
4	538950663	1545932644	3118961
3	538950378	1545932304	4351685
2	538950257	1545932102	4351685
1	538950061	1545931813	4351685
0	538949764	1545931407	4351685
