slug: rpc-666-j
title: "Coldpost the Hedgeheg"
tags: ["gamma", "rpc-j", "sapient-hazard", "toparticle", "topjoke", "translated", "uncontained"]
43	1356109049	1601153110	5689914
42	1356108375	1601149511	5689914
41	933517295	1567557637	3118961
40	889604013	1563075816	3118961
39	847254019	1558983834	3952836
38	844955101	1558229856	3118961
37	718462829	1554313683	4365296
36	357893213	1541645145	4304662
35	234525649	1540075882	3638389
34	213979405	1539825805	2773416
33	213445121	1539808155	3952836
32	213164899	1539800292	3952836
31	188019469	1539312406	4390078
30	168238771	1539045337	3952836
29	146717041	1535837049	2773416
28	140961742	1534187698	3349606
27	136593551	1533267744	4301161
26	136581606	1533252354	3638389
25	132213949	1531507158	3638389
24	132213466	1531507076	3638389
23	130237692	1530606894	3970162
22	130205528	1530593809	1875764
21	129692555	1530397311	2906223
20	129692226	1530397097	2906223
19	128206259	1529992114	4297562
18	127981707	1529885347	3721817
17	127529017	1529691280	3970162
16	127457861	1529672894	4270410
15	127364150	1529651461	3970162
14	127358424	1529649838	4240294
13	127327718	1529639171	1545472
12	127327305	1529638995	1545472
11	127283843	1529627069	2303724
10	127281724	1529626551	4271216
9	127277908	1529625688	3970162
8	127276086	1529625260	2303724
7	127275681	1529625190	3970162
6	127275638	1529625173	3970162
5	127275586	1529625165	3970162
4	127274672	1529624928	3970162
3	127274559	1529624897	3970162
2	127274496	1529624876	3970162
1	127274448	1529624862	3970162
0	127274015	1529624787	3970162
