slug: academy-hub
title: "Academy of True Art Hub"
tags: ["academy", "hub"]
15	1545466404	1785024793	9678829
14	1545466402	1785024778	9678829
13	1545429468	1784903213	9678829
12	1545422143	1784881757	9678829
11	1545422140	1784881743	9678829
10	1545374266	1784659371	9678829
9	1545374262	1784659357	9678829
8	1389013121	1645465213	4318134
7	1366782978	1625024663	5293995
6	1311012244	1596262657	5293995
5	1224126363	1594074136	5258122
4	1224123133	1594059201	5258122
3	1050609911	1584307355	3118961
2	1034256050	1580266622	3118961
1	1034255978	1580266352	3118961
0	1034255965	1580266305	3118961
