slug: kabushiki-kawaii-hub
title: "Kabushiki Kawaii Hub"
tags: ["hub", "kabushiki-kawaii"]
49	1545733953	1785999466	3099812
48	1545733904	1785999287	3099812
47	1545090686	1783520210	4433848
46	1545090674	1783520175	4433848
45	1545090640	1783520077	4433848
44	1544744139	1781920423	1619464
43	1544744131	1781920394	1619464
42	1544744105	1781920314	1619464
41	1544743335	1781917309	1619464
40	1544743317	1781917210	1619464
39	1544743314	1781917172	1619464
38	1544743255	1781916747	1619464
37	1544743250	1781916725	1619464
36	1544743201	1781916425	1619464
35	1544743195	1781916409	1619464
34	1544743176	1781916293	1619464
33	1544743171	1781916274	1619464
32	1544743168	1781916259	1619464
31	1544743129	1781916054	1619464
30	1544743128	1781916033	1619464
29	1544743126	1781916012	1619464
28	1524964616	1727870800	605953
27	1515089077	1697495356	5982545
26	1366783002	1625024801	5293995
25	1311382760	1597457755	3118961
24	1311011043	1596256124	5293995
23	1073833992	1587174577	3118961
22	1073827031	1587151688	3118961
21	1073827023	1587151647	3118961
20	1073183539	1586572990	2134920
19	1073015103	1586070766	2134920
18	1050609948	1584307412	3118961
17	1037173639	1582027665	3118961
16	1036929131	1582002609	2280149
15	1036929112	1582002573	2280149
14	1036927295	1582002541	2280149
13	1036925307	1582002509	2280149
12	1036923026	1582002470	2280149
11	1035167664	1581655860	4921282
10	1035167617	1581655774	4921282
9	1035167609	1581655759	4921282
8	1035167598	1581655734	4921282
7	1035167593	1581655722	4921282
6	1035167578	1581655701	4921282
5	1035167533	1581655625	4921282
4	1035167485	1581655539	4921282
3	1035167364	1581655322	5330965
2	1035167349	1581655281	5330965
1	1034256046	1580266613	3118961
0	1034256022	1580266544	3118961
