slug: foa-hub
title: "Federal Occult Agency Hub"
tags: ["foa", "hub"]
16	1544961783	1782960087	7013424
15	1496868731	1666609001	6371726
14	1459783775	1649036221	3672751
13	1366965437	1625960307	5293995
12	1366783152	1625025793	5293995
11	1311012258	1596262740	5293995
10	1307400318	1596179882	5293995
9	1307318732	1596178369	5293995
8	1301735444	1596073761	5293995
7	1301726065	1596073669	5293995
6	1301569557	1596071078	3118961
5	1301565732	1596071032	3118961
4	1050788891	1584647729	3118961
3	1050610063	1584307616	3118961
2	1034256186	1580267090	3118961
1	1034256144	1580266961	3118961
0	1034256142	1580266955	3118961
