slug: rpc-322
title: "RPC-322"
tags: ["alpha", "grouped-hazard", "rpc", "white"]
12	1544790292	1782089783	7013424
11	1362076362	1617728041	3672751
10	1362076355	1617728019	3672751
9	1073212858	1586660720	3638389
8	1073212854	1586660710	3638389
7	1073212092	1586658894	3638389
6	1034453835	1580510400	3118961
5	1034405003	1580387720	3952836
4	1034405002	1580387676	3952836
3	1034404357	1580385921	3118961
2	1034281918	1580365630	3963132
1	1034280820	1580361815	3963132
0	1034280757	1580361672	3963132
