slug: rpc-543
title: "RPC-543"
tags: ["aggression-hazard", "alpha", "extra-dimensional-hazard", "grouped-hazard", "organic-hazard", "purple", "rpc", "runnerup", "sapient-hazard", "sensory-hazard", "visual-hazard"]
25	1515570023	1698627309	4981794
24	1515569976	1698627230	4981794
23	1515569942	1698627216	4981794
22	1515569939	1698627199	4981794
21	1515569936	1698627182	4981794
20	1386071519	1635929707	7271260
19	1268426675	1595446453	3118961
18	1268425306	1595446380	3118961
17	1048414857	1584106157	3118961
16	992731909	1575381192	1315056
15	933511559	1567557584	3118961
14	847238300	1558923563	1315056
13	844834488	1558041728	5323348
12	843008826	1557965527	3952836
11	841951229	1557950347	4548098
10	841295421	1557939781	1315056
9	841281041	1557939511	1315056
8	841271268	1557939333	1315056
7	841262759	1557939228	1315056
6	841260609	1557939188	1315056
5	841257810	1557939134	1315056
4	841249692	1557938994	1315056
3	841247054	1557938934	1315056
2	841160040	1557937380	1315056
1	841148826	1557937158	1315056
0	841118099	1557936735	1315056
