slug: rpc-220
title: "RPC-220"
tags: ["alpha", "contact-hazard", "radiation-hazard", "rpc", "translated", "yellow"]
16	1522993544	1720693833	4315330
15	1495754831	1664022964	7271260
14	1356600599	1602370043	5689914
13	1319415519	1599355635	6264298
12	1215185554	1593322711	6264298
11	971663593	1572259242	1480386
10	852549673	1560706747	3638389
9	683715685	1553235664	3646714
8	635618921	1548292997	2906223
7	414469003	1542727123	3992967
6	204034303	1539444660	3992967
5	164755957	1538965526	2976054
4	149124356	1538217200	3992967
3	146716343	1535834782	2773416
2	144165370	1534998109	2773416
1	142952000	1534676005	3992967
0	142946598	1534675019	3992967
