slug: zidophant-alien-report
title: "Zidophant Alien Report"
tags: ["ce-lore", "cosmic-embers", "document"]
27	1542450912	1772742464	7013424
26	1530136040	1747402903	3293845
25	1523139231	1721507060	5982545
24	1516997873	1703564814	4846863
23	1515263863	1698081665	4846863
22	1512998090	1692033439	4846863
21	1512998082	1692033397	4846863
20	1512707239	1691013109	5982545
19	1512586370	1690590996	4846863
18	1508120416	1677427522	5258122
17	1508120412	1677427505	5258122
16	1508120404	1677427470	5258122
15	1508119357	1677423770	5258122
14	1508119317	1677423717	5258122
13	1508119293	1677423610	5258122
12	1508073311	1677394797	5258122
11	1507285871	1675658250	3638389
10	1507285785	1675657733	5258122
9	1506985176	1674819299	5258122
8	1506475060	1673528202	4846863
7	1506338410	1673017541	4870061
6	1505242085	1671521659	5258122
5	1505242053	1671521553	5258122
4	1505241518	1671520509	5258122
3	1504874503	1670989927	5352824
2	1504873614	1670986053	5352824
1	1498271522	1670740908	4846863
0	1498270599	1670737476	5352824
