slug: rpc-809
title: "RPC-809"
tags: ["beta", "mincon2023", "neutralized", "rpc", "sensory-hazard", "translated", "yellow"]
13	1532820799	1759868861	9487909
12	1525593128	1730635440	5197199
11	1514396654	1696204463	5982545
10	1507674557	1676321007	5982545
9	1507197834	1675384625	5982545
8	1506298215	1672868375	5982545
7	1506298206	1672868339	5982545
6	1506298203	1672868327	5982545
5	1505545345	1672369495	5982545
4	1505541326	1672350625	5982545
3	1505541320	1672350610	5982545
2	1498279507	1670764555	5982545
1	1498279493	1670764474	5982545
0	1498279490	1670764456	5982545
