slug: radio-silence
title: "Radio Silence"
tags: ["eoi-tale", "remnants", "tale"]
33	1366593958	1624315076	5258122
32	1362097809	1617841206	3672751
31	1362097804	1617841183	3672751
30	1075380448	1588071245	5258122
29	1075380421	1588071206	5258122
28	1075380402	1588071154	5258122
27	1034624423	1581038996	3118961
26	1034620335	1581019838	5258122
25	1034620323	1581019779	5258122
24	1033622183	1577904790	5258122
23	1033622149	1577904774	5258122
22	970234954	1571606092	5258122
21	970234860	1571605861	4584404
20	970234844	1571605762	4584404
19	970234741	1571605388	4584404
18	970234701	1571605216	4584404
17	970234690	1571605130	4584404
16	970234679	1571605105	4584404
15	970234670	1571605058	4584404
14	970234512	1571604827	5258122
13	970234151	1571604042	5258122
12	970234136	1571603993	5258122
11	901587182	1565573626	5258122
10	901567249	1565503911	5258122
9	901567244	1565503887	5258122
8	901560103	1565485402	5258122
7	901560067	1565485039	5258122
6	901559966	1565484394	5258122
5	901559961	1565484343	5258122
4	900937166	1565408190	4981794
3	900937068	1565407816	5258122
2	900936922	1565407414	5258122
1	900936793	1565406574	5258122
0	900936562	1565405545	5258122
