slug: rpc-1946-j
title: "RPC-1946-J"
tags: ["beta", "non-hazardous", "rpc-j", "translated"]
16	1543205524	1775735780	7013424
15	1361691777	1616257718	3952836
14	1356600677	1602370439	5689914
13	1356600676	1602370427	5689914
12	889622154	1563076304	3118961
11	847254054	1558983969	3952836
10	802022582	1556086647	4981794
9	213979514	1539825839	2773416
8	188024743	1539312474	4390078
7	146716291	1535834676	2773416
6	132211337	1531506668	3638389
5	129640886	1530373328	4262187
4	129640371	1530373120	4262187
3	129638287	1530372333	4262187
2	129636120	1530371571	4262187
1	129635597	1530371374	4262187
0	129634915	1530371105	4262187
