slug: component:halloween-theme
title: "Halloween Theme"
tags: ["theme"]
102	1523155096	1721596490	5982545
101	1336977286	1599847872	3118961
100	1330567709	1599705830	3118961
99	1330514507	1599705408	3118961
98	1330491260	1599705210	3118961
97	1330389002	1599704337	3118961
96	1329037332	1599690608	3118961
95	1324710217	1599616014	3118961
94	1311102329	1596556483	3118961
93	1311102327	1596556460	3118961
92	1311102273	1596556128	3625466
91	1311102236	1596555916	3118961
90	1311102231	1596555898	3118961
89	1311102229	1596555879	3118961
88	1311082561	1596483855	3118961
87	956874079	1569267164	3625466
86	956445076	1569204165	3625466
85	956443615	1569204035	3625466
84	956440265	1569203894	3625466
83	956438731	1569203856	3625466
82	956438253	1569203836	3625466
81	956437061	1569203798	3625466
80	956424952	1569203299	3625466
79	956420484	1569202713	3625466
78	956408052	1569202308	3625466
77	956403157	1569201747	3625466
76	956401387	1569201675	3625466
75	956398931	1569201598	3625466
74	956396782	1569201471	3625466
73	956395858	1569201369	3625466
72	956395184	1569200397	3625466
71	956392436	1569200340	3625466
70	956391828	1569200309	3625466
69	956385290	1569200094	3625466
68	956385286	1569200063	3625466
67	956378938	1569199907	3625466
66	956373785	1569199755	3625466
65	956373775	1569199624	3625466
64	956373772	1569199592	3625466
63	956373697	1569199483	3625466
62	956373633	1569199340	3625466
61	956373425	1569198799	3625466
60	956373377	1569198684	3625466
59	956359123	1569198238	3625466
58	956351129	1569198026	3625466
57	950523571	1568747226	2241229
56	950523261	1568746791	2241229
55	950523175	1568746516	2241229
54	950523123	1568746446	2241229
53	950523100	1568746421	2241229
52	950523086	1568746361	2241229
51	950523011	1568746270	2241229
50	950523006	1568746235	2241229
49	950522999	1568746200	2241229
48	950522960	1568746137	2241229
47	950522912	1568746111	2241229
46	950522909	1568746092	2241229
45	950522901	1568746071	2241229
44	950522897	1568746042	2241229
43	950522824	1568745951	2241229
42	950520691	1568745825	2241229
41	950519247	1568745726	2241229
40	950517345	1568745662	2241229
39	950516976	1568745620	2241229
38	950516931	1568745577	2241229
37	950515615	1568745537	2241229
36	950514520	1568745504	2241229
35	950511124	1568745420	2241229
34	950510351	1568745131	2241229
33	950507259	1568744820	2241229
32	950495252	1568744485	2241229
31	950485694	1568744211	2241229
30	950481551	1568744067	2241229
29	950480345	1568744023	2241229
28	950479311	1568743998	2241229
27	950477266	1568743940	2241229
26	950470056	1568743645	2241229
25	950467270	1568743569	2241229
24	950465517	1568743341	2241229
23	950465463	1568743237	2241229
22	906779501	1566837273	3625466
21	906778533	1566836761	3625466
20	906778479	1566836745	3625466
19	906776676	1566835778	3625466
18	906773894	1566835454	3625466
17	844940070	1558206941	3625466
16	844940062	1558206889	3625466
15	844940051	1558206850	3625466
14	844939831	1558206524	3625466
13	638198044	1548616744	3118961
12	638193936	1548616662	3118961
11	367015555	1541815808	3625466
10	301194593	1540616867	3625466
9	301182038	1540616711	3625466
8	301181229	1540616700	3625466
7	212395095	1539727496	3625466
6	212395072	1539727437	3625466
5	212306778	1539621367	4695861
4	212252259	1539577342	3625466
3	212251975	1539577068	3625466
2	212244626	1539567420	3625466
1	212244572	1539567329	3625466
0	212244318	1539566939	3625466
