slug: omega
title: "Omega"
tags: ["church-of-malthus", "military", "tale"]
17	1512978300	1691944637	5982545
16	1512912464	1691701599	5982545
15	1033580311	1577761586	3118961
14	897263854	1564671945	1350163
13	896361916	1564624188	1350163
12	896360806	1564614065	1350163
11	896360639	1564613034	1350163
10	896339133	1564597460	1350163
9	896339116	1564597359	1350163
8	896339094	1564597150	1350163
7	896339088	1564597119	1350163
6	896339081	1564597049	1350163
5	896339079	1564597030	1350163
4	896339048	1564596786	1350163
3	895860808	1564545975	1350163
2	895829324	1564544074	4315330
1	895826542	1564543957	4315330
0	895826390	1564543667	1350163
