slug: rpc-562
title: "RPC-562"
tags: ["aggression-hazard", "explained", "grouped-hazard", "memory-alteration-hazard", "omega", "red", "regenerative-hazard", "rpc", "sapient-hazard", "sentient-hazard"]
15	1526641362	1733809557	7013424
14	1525067159	1728266521	4981794
13	1462108377	1655617857	5293995
12	1460089354	1649811174	3672751
11	1460034601	1649696565	3672751
10	1387478885	1639411068	4981794
9	1366625354	1624471078	3672751
8	1366625351	1624471062	3672751
7	1356536543	1602300358	3672751
6	1321807663	1599541404	4584404
5	1320910620	1599532368	3672751
4	1319417351	1599359322	3672751
3	1319417260	1599359155	3672751
2	1319416591	1599357816	3625466
1	1319416489	1599357622	3672751
0	1319416440	1599357572	3672751
