slug: rpc-435
title: "RPC-435"
tags: ["alpha", "eventwinner", "explained", "new-frontier", "new-frontier-format", "rpc", "translated", "white"]
17	1543739093	1777966230	9487909
16	1543739083	1777966215	9487909
15	1524620882	1726408285	5982545
14	1523019592	1720862457	4315330
13	1508570965	1678929029	5982545
12	1387300370	1638676915	3077628
11	1386024776	1635737544	3077628
10	1386024770	1635737485	3077628
9	1386024722	1635737144	3077628
8	1386024711	1635737078	3077628
7	1386024689	1635736960	3077628
6	1386024685	1635736924	3077628
5	1386024651	1635736737	3077628
4	1386024594	1635736477	3077628
3	1386024592	1635736466	3077628
2	1386024522	1635736203	3077628
1	1386024518	1635736188	3077628
0	1386024508	1635736103	3077628
