slug: rpc-407
title: "ANOMALIE OBSCURA NO.407: The Beast of Reeves Mine"
tags: ["_author-page-hide", "new-frontier", "new-frontier-format", "rpc", "translated"]
14	1543739158	1777966291	9487909
13	1543739123	1777966276	9487909
12	1531787193	1756251572	3050074
11	1531787122	1756250928	3050074
10	1531787045	1756250587	3050074
9	1531710846	1755894518	5982545
8	1496189574	1665296129	5352824
7	1386034761	1635779992	5258122
6	1386025026	1635739295	5258122
5	1386025001	1635739164	5258122
4	1386024987	1635739096	5258122
3	1386024975	1635739008	5258122
2	1386024967	1635738953	5258122
1	1386024934	1635738707	5258122
0	1386024930	1635738671	5258122
