slug: rpc-064
title: "RPC-064"
tags: ["aggression-hazard", "gamma", "grouped-hazard", "organic-hazard", "red", "rpc", "sapient-hazard", "translated"]
96	1532039264	1756875958	3638389
95	1532039248	1756875801	3638389
94	1530175868	1747672615	9487909
93	1530175863	1747672599	9487909
92	1529413588	1745073658	9487909
91	1518742675	1709335591	2947029
90	1385975001	1635531023	7299722
89	1033417804	1577084733	1315056
88	904633343	1566439551	4282051
87	904633253	1566439045	4282051
86	901556845	1565468604	4315330
85	901556770	1565468459	4315330
84	896335606	1564582760	4282051
83	892559644	1563324806	4393365
82	892559643	1563324788	4393365
81	847902206	1560276277	4282051
80	847902200	1560276243	4282051
79	847901939	1560274673	4282051
78	847901892	1560274452	4282051
77	847901592	1560273003	4282051
76	847901584	1560272982	4282051
75	847901529	1560272701	4282051
74	650855819	1551322003	4282051
73	650190266	1550973820	4282051
72	637692515	1548551466	4282051
71	637692465	1548551334	4282051
70	604778338	1547696364	4282051
69	574425603	1546837129	4282051
68	570751835	1546755273	4282051
67	570352886	1546745878	4282051
66	570352655	1546745457	4282051
65	560539457	1546494909	4282051
64	560539437	1546494808	4282051
63	539015194	1546026728	4282051
62	537927822	1545565672	4282051
61	369129252	1541871758	4282051
60	369110249	1541871593	4282051
59	367017266	1541817166	4282051
58	366953399	1541800431	3952836
57	361659296	1541705837	4282051
56	361656190	1541705801	4282051
55	361530331	1541704401	4282051
54	361513232	1541704207	4282051
53	361326747	1541701964	4282051
52	361324622	1541701884	4282051
51	361322651	1541701814	4282051
50	361321597	1541701780	4282051
49	361316199	1541701724	4282051
48	361312477	1541701681	4282051
47	356689808	1541625947	3952836
46	353878216	1541528484	4282051
45	352790680	1541435450	4282051
44	352726297	1541433879	4282051
43	352726271	1541433803	4282051
42	352726220	1541433705	4282051
41	352681884	1541402459	4282051
40	352681441	1541402280	4282051
39	352681048	1541402100	4282051
38	352680851	1541402023	4282051
37	352679717	1541401442	4282051
36	352679424	1541401065	4282051
35	352678854	1541400323	4282051
34	352678791	1541400240	4282051
33	352678751	1541400184	4282051
32	352678454	1541399833	4282051
31	352676363	1541397700	4282051
30	352672055	1541395401	4282051
29	352671851	1541395306	4282051
28	352666711	1541393018	4282051
27	352664719	1541390993	4282051
26	352664629	1541390902	4282051
25	352652669	1541376729	4282051
24	352652635	1541376674	4282051
23	352644341	1541367452	4282051
22	352637886	1541359683	4282051
21	352637881	1541359675	2773416
20	352634926	1541356116	4282051
19	352634875	1541356060	4282051
18	352634759	1541355914	4282051
17	352634668	1541355784	4282051
16	352634596	1541355722	4282051
15	352634460	1541355637	4282051
14	352634435	1541355599	4282051
13	352634429	1541355583	4282051
12	352634150	1541355267	4282051
11	352633983	1541355020	4282051
10	352633748	1541354698	4282051
9	352632007	1541352699	4282051
8	352592648	1541302639	3646714
7	352592403	1541302327	3646714
6	352592393	1541302307	3646714
5	352577503	1541301312	4282051
4	352576277	1541301142	4282051
3	352576161	1541301005	4282051
2	352576147	1541300980	4282051
1	352576127	1541300949	4282051
0	352576052	1541300910	4282051
