slug: rpc-624
title: "RPC-624"
tags: ["gamma", "info-hazard", "invisibility-hazard", "missingrpc", "orange", "organic-hazard", "rpc", "sentient-hazard", "translated", "visual-hazard"]
27	1544029603	1779233166	3050074
26	1544029573	1779232759	7013424
25	1544029568	1779232703	7013424
24	1539552014	1763301805	9487909
23	1539552004	1763301788	9487909
22	1530431128	1749415381	3050074
21	1519152856	1711068713	3050074
20	1516659124	1702407580	3050074
19	1515818508	1699216978	3050074
18	1515065987	1697422168	3050074
17	1514187352	1695524383	3050074
16	1513901590	1694531515	3050074
15	1513751956	1694061994	4981794
14	1513312074	1693022019	3050074
13	1513288706	1692923238	3050074
12	1513288227	1692921116	3050074
11	1513288067	1692920393	3050074
10	1513287735	1692918754	3050074
9	1513287726	1692918692	3050074
8	1513287514	1692918257	3050074
7	1513287511	1692918249	3050074
6	1513287486	1692918163	3050074
5	1513287485	1692918154	3050074
4	1513287460	1692918034	3050074
3	1513287453	1692918003	3050074
2	1513287415	1692917783	3050074
1	1513287393	1692917701	3050074
0	1513287390	1692917681	3050074
