slug: rpc-521
title: "RPC-521"
tags: ["alpha", "church-of-malthus", "contact-hazard", "emotional-hazard", "psychotronic-hazard", "rpc", "yellow"]
16	1543350443	1776240065	4330657
15	1523188195	1721776255	5982545
14	1523107973	1721341505	5982545
13	1520914760	1718287880	5982545
12	1514499278	1696478675	4981794
11	1514499255	1696478635	4981794
10	1513816131	1694190007	6371726
9	1513749672	1694045247	3050074
8	1513749605	1694044806	3050074
7	1513631850	1693566580	8506334
6	1513351510	1693146674	8506334
5	1513351483	1693146536	8506334
4	1513337773	1693133690	8506334
3	1513337322	1693131551	8506334
2	1513337256	1693131407	8506334
1	1513337222	1693131276	8506334
0	1513337173	1693131033	8506334
