slug: rpc-230
title: "RPC-230"
tags: ["beta", "ecological-hazard", "mind-regression-hazard", "missingrpc", "organic-hazard", "radiation-hazard", "remake", "rpc", "sentient-hazard", "translated", "transmutation-hazard", "yellow"]
10	1530925457	1752160849	9487909
9	1530925453	1752160833	9487909
8	1525967117	1732488282	5982545
7	1513932113	1694702282	3992967
6	1513932073	1694702214	3992967
5	1513932066	1694702193	3992967
4	1513932043	1694702119	3992967
3	1513931975	1694701976	3992967
2	1513931971	1694701953	3992967
1	1513931958	1694701898	3992967
0	1513931935	1694701735	3992967
