slug: hotel-1-the-highlanders
title: "Hotel-1 \"The Highlanders\""
tags: ["document", "mst", "translated"]
36	1529417479	1745091684	9487909
35	1528482357	1742153044	9487909
34	1526802568	1734696613	9487909
33	1526802564	1734696588	9487909
32	1512124141	1688991645	6371726
31	1512124115	1688991591	6371726
30	1359977803	1613747395	7271260
29	1075276562	1587837645	3118961
28	1048249310	1583841411	5597705
27	1048249308	1583841392	5597705
26	1048249293	1583841346	5597705
25	1045534223	1582393378	3118961
24	1033731948	1578392283	2669891
23	986407255	1574580401	5293995
22	986361032	1574411546	5293995
21	902942055	1565709824	3118961
20	688439993	1553384646	2776183
19	688436936	1553384583	2776183
18	688425490	1553384383	2776183
17	682665213	1552524478	2930589
16	535449520	1545435899	3952836
15	421590976	1543018110	4738903
14	421588174	1543018046	4738903
13	371637981	1541903186	4738903
12	343081651	1541047990	4738903
11	313306617	1540734409	4738903
10	310288667	1540681698	4738903
9	301505028	1540620699	4738903
8	301502442	1540620676	4738903
7	285008597	1540498276	3625466
6	281682401	1540479896	4738903
5	281566932	1540479179	4738903
4	281562402	1540479150	4738903
3	281547533	1540479053	4738903
2	281544692	1540479032	4738903
1	281542536	1540479010	4738903
0	281540106	1540478987	4738903
