slug: rpc-429
title: "RPC-429"
tags: ["auditory-hazard", "esoteric-hazard", "gamma", "missingrpc", "orange", "rpc", "translated"]
17	1539551686	1763301572	9487909
16	1539551658	1763301547	9487909
15	1519817701	1714021700	4981794
14	1516560136	1702040953	4981794
13	1514494067	1696462668	4981794
12	1513996776	1694955354	4981794
11	1513989367	1694930857	4981794
10	1513989266	1694930482	4981794
9	1513989213	1694930324	4981794
8	1513989206	1694930276	4981794
7	1513989200	1694930241	4981794
6	1513989194	1694930193	4981794
5	1513989188	1694930158	4981794
4	1513989182	1694930122	4981794
3	1513989175	1694930093	4981794
2	1513989165	1694930043	4981794
1	1513989139	1694929918	4981794
0	1513989051	1694929540	4981794
