slug: rpc-944
title: "RPC-944"
tags: ["ecological-hazard", "emotional-hazard", "immeasurable-hazard", "omega", "organic-hazard", "rpc", "sensory-hazard", "white"]
23	1543207479	1775744615	8630580
22	1543034553	1774975846	8630580
21	1543034397	1774975140	8630580
20	1543033217	1774971555	5982545
19	1543031320	1774966097	8630580
18	1543030086	1774962103	8630580
17	1543029337	1774959049	8630580
16	1543023432	1774932649	7013424
15	1542387858	1772471993	9487909
14	1542386456	1772465409	8630580
13	1541835464	1770499098	8630580
12	1541586763	1769347267	8630580
11	1541409259	1768489043	8630580
10	1541408808	1768486597	8630580
9	1541408735	1768486182	8630580
8	1541408553	1768485132	8630580
7	1541408549	1768485108	8630580
6	1541408533	1768485049	8630580
5	1541408512	1768484905	8630580
4	1541408461	1768484574	8630580
3	1541408438	1768484388	8630580
2	1541408428	1768484327	8630580
1	1541408421	1768484287	8630580
0	1541408417	1768484264	8630580
