slug: rpc-461
title: "RPC-461"
tags: ["alpha", "mechanical-hazard", "mind-control-hazard", "rpc", "white"]
14	1543895854	1778713938	3584923
13	1543765757	1778072478	5982545
12	1543398323	1776475609	3584923
11	1543329218	1776127581	3050074
10	1543322548	1776090940	3584923
9	1543322401	1776090354	3584923
8	1543322378	1776090235	3584923
7	1543321559	1776086312	3584923
6	1543321546	1776086255	3584923
5	1543320377	1776080720	7013424
4	1543319592	1776077300	7013424
3	1543319296	1776076016	3584923
2	1543319288	1776075971	3584923
1	1543319283	1776075929	3584923
0	1543319280	1776075917	3584923
