slug: rpc-824
title: "RPC-824"
tags: ["aggression-hazard", "emotional-hazard", "gamma", "mind-control-hazard", "orange", "rpc"]
46	1545366801	1784632441	3584923
45	1545366448	1784630870	3584923
44	1545366444	1784630846	3584923
43	1545366432	1784630746	3584923
42	1545366428	1784630725	3584923
41	1545366425	1784630702	3584923
40	1545366421	1784630691	3584923
39	1545366412	1784630621	3584923
38	1545366407	1784630602	3584923
37	1545366402	1784630575	3584923
36	1545366359	1784630551	3584923
35	1545366356	1784630537	3584923
34	1545366347	1784630492	3584923
33	1545366342	1784630464	3584923
32	1545366309	1784630438	3584923
31	1545366306	1784630428	3584923
30	1545366304	1784630409	3584923
29	1545366296	1784630384	3584923
28	1545357859	1784594112	3584923
27	1545357842	1784593975	3584923
26	1545357783	1784593532	3584923
25	1545357762	1784593403	3584923
24	1545357761	1784593393	3584923
23	1545357759	1784593383	3584923
22	1545357757	1784593372	3584923
21	1545357755	1784593361	3584923
20	1545357751	1784593347	3584923
19	1545357749	1784593335	3584923
18	1545357745	1784593290	3584923
17	1545357743	1784593276	3584923
16	1545357738	1784593251	3584923
15	1545357735	1784593223	3584923
14	1545357719	1784593088	3584923
13	1545357697	1784592940	3584923
12	1545357691	1784592894	3584923
11	1545357687	1784592879	3584923
10	1545357683	1784592864	3584923
9	1545357679	1784592849	3584923
8	1545357674	1784592824	3584923
7	1545357670	1784592796	3584923
6	1545357669	1784592784	3584923
5	1545357666	1784592766	3584923
4	1545357664	1784592751	3584923
3	1543577327	1777231882	3584923
2	1543577326	1777231872	3584923
1	1543577322	1777231860	7013424
0	1543577269	1777231415	3584923
