slug: rpc-651
title: "RPC-651"
tags: ["aggression-hazard", "aquatic-hazard", "beta", "gd-ocea", "red", "rpc", "sapient-hazard", "titanic-hazard"]
16	1544528840	1780968599	9807395
15	1544119752	1779672477	3050074
14	1544119720	1779672165	3050074
13	1544093887	1779552423	7013424
12	1544062239	1779413244	3584923
11	1544061838	1779409992	7013424
10	1544061825	1779409865	3584923
9	1544061822	1779409840	3584923
8	1544061490	1779406875	3584923
7	1544061272	1779405145	7013424
6	1544061267	1779405091	7013424
5	1544061010	1779403801	7013424
4	1544060308	1779397346	3584923
3	1544060301	1779397298	3584923
2	1544060299	1779397270	3584923
1	1544060296	1779397243	3584923
0	1544060293	1779397206	3584923
