slug: continued-cross-rpc-testing-for-rpc-692
title: "Continued Cross-RPC Testing For RPC-692"
tags: ["collaboration", "supplemental", "test-log"]
18	1544583928	1781215191	10394044
17	1544583900	1781215021	10394044
16	1544583899	1781215012	10394044
15	1544583893	1781215000	10394044
14	1544566305	1781123363	7013424
13	1544566262	1781123097	7013424
12	1544566202	1781122925	7013424
11	1544566115	1781122504	10394044
10	1544566111	1781122482	10394044
9	1544565997	1781121567	10394044
8	1544565992	1781121471	10394044
7	1544484027	1780777922	5982545
6	1544462808	1780688193	10394044
5	1544453428	1780654604	4330657
4	1544451103	1780643590	10394044
3	1544451086	1780643445	10394044
2	1544451066	1780643286	10394044
1	1544451008	1780643008	10394044
0	1544451007	1780642988	10394044
