slug: rpc-024
title: "RPC-024"
tags: ["aggression-hazard", "contact-hazard", "corrosive-hazard", "emotional-hazard", "extra-dimensional-hazard", "gamma", "incorporeal-hazard", "invisibility-hazard", "red", "regenerative-hazard", "rpc", "sapient-hazard", "teleportation-hazard", "temporal-hazard", "toxic-hazard", "visual-hazard"]
14	1544546270	1781041323	2776183
13	1544546246	1781041127	2776183
12	1544546128	1781040596	2776183
11	1544546125	1781040569	2776183
10	1544546122	1781040540	2776183
9	1544546116	1781040493	2776183
8	1544546113	1781040487	2776183
7	1544546096	1781040400	2776183
6	1544546066	1781040233	2776183
5	1544546065	1781040225	2776183
4	1544546061	1781040211	2776183
3	1544546057	1781040196	2776183
2	1544546055	1781040185	2776183
1	1544546032	1781040055	2776183
0	1544546021	1781039997	2776183
