slug: rpc-912
title: "RPC-912"
tags: ["beta", "co-authored", "organic-hazard", "regenerative-hazard", "rpc", "sapient-hazard", "sensory-hazard", "utility", "yellow"]
39	1544633314	1781425321	7013424
38	1544627406	1781400571	7013424
37	1544626788	1781396591	7013424
36	1544626090	1781389597	7013424
35	1544626084	1781389570	7013424
34	1544626062	1781389173	7013424
33	1544625994	1781388630	7013424
32	1544625906	1781387780	7013424
31	1544625022	1781381390	7013424
30	1544624738	1781378675	7013424
29	1544624734	1781378658	7013424
28	1544624326	1781376767	7013424
27	1544624317	1781376733	7013424
26	1544624083	1781375677	7013424
25	1544623927	1781374862	7013424
24	1544623816	1781374324	7013424
23	1544623401	1781371857	7013424
22	1544623326	1781371362	3638389
21	1544623314	1781371311	3638389
20	1544623297	1781371225	3638389
19	1544623292	1781371184	3638389
18	1544623288	1781371172	3638389
17	1544623064	1781369661	7013424
16	1544623048	1781369484	7013424
15	1544622947	1781368641	7013424
14	1544615534	1781350669	7013424
13	1544611126	1781339473	7013424
12	1544583504	1781211815	7013424
11	1544578938	1781188859	7013424
10	1544578923	1781188819	7013424
9	1544578743	1781188142	7013424
8	1544578731	1781188097	7013424
7	1544576928	1781182312	7013424
6	1544574069	1781169898	7013424
5	1544571025	1781157936	7013424
4	1544566052	1781121941	7013424
3	1544565767	1781120244	7013424
2	1544565719	1781120173	7013424
1	1544565710	1781120059	7013424
0	1544565655	1781119959	10185660
