slug: site-026
title: "Site-026"
tags: ["document", "site"]
28	1544853327	1782424138	4330657
27	1544844231	1782377820	4330657
26	1544844230	1782377809	4330657
25	1544844208	1782377774	4330657
24	1544844161	1782377538	4330657
23	1544842281	1782369709	4330657
22	1544666313	1781597245	7013424
21	1544638868	1781442602	4330657
20	1544624657	1781378220	7013424
19	1544624445	1781377263	7013424
18	1544623485	1781372320	7013424
17	1544623465	1781372228	7013424
16	1544583180	1781210212	4330657
15	1544583087	1781209655	4330657
14	1544583085	1781209625	4330657
13	1544583081	1781209586	4330657
12	1544583077	1781209568	4330657
11	1544583073	1781209550	4330657
10	1544583070	1781209534	4330657
9	1544583069	1781209517	4330657
8	1544583066	1781209502	4330657
7	1544583061	1781209483	4330657
6	1544583059	1781209468	4330657
5	1544583056	1781209455	4330657
4	1544583054	1781209438	4330657
3	1544583051	1781209419	4330657
2	1544583049	1781209407	4330657
1	1544583039	1781209360	4330657
0	1544583036	1781209310	4330657
