slug: organizations:hendrick-containment
title: "Hendrick Containment, Inc."
tags: ["hendrick_containment", "ВИК", "Синдикат"]
15	1388272914	1642434914	7376865
14	1360569787	1615881096	6037747
13	1356054558	1600971690	4518363
12	1356054554	1600971673	4518363
11	1356054535	1600971535	4518363
10	1311982371	1598018422	4518363
9	1311437718	1597693549	4518363
8	1073838704	1587190501	4518363
7	1073711575	1587110054	4518363
6	1073711519	1587109882	4518363
5	1060860303	1585503697	4518363
4	1050969525	1585120975	4518363
3	1050896210	1584962737	4518363
2	1050896196	1584962709	4518363
1	1050890841	1584951299	4518363
0	1050847932	1584820811	4518363
