slug: grp-010-dream-aliens
title: "GRP-010 - \"Dream Aliens\""
tags: ["aggression-hazard", "co-authored", "cosmic-embers", "document", "extra-dimensional-hazard", "extra-terrestrial-hazard", "grouped-hazard", "grp", "incorporeal-hazard", "mind-control-hazard", "omega", "psychotronic-hazard", "red", "sapient-hazard", "translated", "transmutation-hazard"]
21	1529156189	1744197537	5197199
20	1529156175	1744197358	5197199
19	1516998158	1703566769	4846863
18	1512723165	1691059181	3293845
17	1512577355	1690556381	8622928
16	1512494624	1690316034	3293845
15	1508279054	1677888078	5982545
14	1508120289	1677427034	5258122
13	1508119540	1677424469	5258122
12	1508119537	1677424455	5258122
11	1508118880	1677422934	5258122
10	1508073209	1677394453	5258122
9	1508026497	1677299124	7320700
8	1506817355	1674513996	3293845
7	1506816937	1674511652	3293845
6	1506815777	1674504447	3293845
5	1506669348	1674211285	3293845
4	1506503500	1673581536	4846863
3	1506425313	1673348339	3293845
2	1506368167	1673129935	3293845
1	1506368105	1673129715	3293845
0	1506368099	1673129683	3293845
