slug: grp-077
title: "GRP-077 — \"Whispers Beyond Light\""
tags: ["cosmic-embers", "document", "esoteric-hazard", "grp", "incorporeal-hazard", "mincon2023", "omega", "psychotronic-hazard", "sapient-hazard", "translated", "uncontained", "yellow"]
14	1510263816	1684188362	3722979
13	1510263804	1684188309	3722979
12	1508120199	1677426790	5258122
11	1508120187	1677426762	5258122
10	1508118953	1677423063	5258122
9	1508073301	1677394747	5258122
8	1507825529	1676766185	6278681
7	1507812425	1676719394	5689914
6	1507812421	1676719373	5689914
5	1506591613	1673922128	5258122
4	1506567349	1673815318	6278681
3	1506565520	1673803814	6278681
2	1506564138	1673799860	6278681
1	1506563915	1673799230	6278681
0	1506563911	1673799203	6278681
