slug: laknoctua-alien-report
title: "Laknoctua Alien Report"
tags: ["ce-lore", "cosmic-embers", "document"]
17	1523257430	1722142600	3050074
16	1509290101	1680744849	3050074
15	1509290019	1680744184	3050074
14	1508120495	1677427845	5258122
13	1508119393	1677423975	5258122
12	1508073331	1677394862	5258122
11	1507992339	1677142252	3293845
10	1507285922	1675658303	3638389
9	1507285822	1675657936	5258122
8	1506985007	1674818798	5258122
7	1506954191	1674704984	4846863
6	1506861116	1674682234	7810432
5	1506861111	1674682201	7810432
4	1506861096	1674682125	3293845
3	1506861075	1674682021	7810432
2	1506861071	1674681994	7810432
1	1506861063	1674681961	7810432
0	1506861051	1674681885	7810432
