slug: rpc-058-arc
title: "RPC-058-ARC"
tags: ["archived", "mincon2023", "rewrite"]
15	1517480219	1705540619	5982545
14	1517480206	1705540551	5982545
13	1517480173	1705540529	5982545
12	1517480172	1705540513	5982545
11	1508030025	1677310600	4981794
10	1507738759	1676568215	1619464
9	1507729095	1676535328	4981794
8	1507503709	1675927453	2818841
7	1507384391	1675752566	2818841
6	1507384360	1675752363	2818841
5	1507384351	1675752347	2818841
4	1507384310	1675752294	2818841
3	1507384302	1675752251	2818841
2	1507384172	1675751362	2818841
1	1507163333	1675357954	2818841
0	1507163311	1675357877	2818841
