slug: rpc-101
title: "RPC-101"
tags: ["aggression-hazard", "extra-dimensional-hazard", "gamma", "organic-hazard", "red", "remnants", "rpc", "translated"]
22	1530759606	1751306141	9487909
21	1509361189	1681063417	3050074
20	1509361184	1681063403	3050074
19	1509361170	1681063300	3050074
18	1496163263	1665166880	6371726
17	1389048727	1645664913	7287895
16	1319170009	1599300497	6264298
15	1215185510	1593322442	6264298
14	939348429	1567690092	3118961
13	897909258	1564705072	3118961
12	897336070	1564677258	5208384
11	865375881	1561249967	1315056
10	847190479	1558740678	3638389
9	847190477	1558740659	3638389
8	847184334	1558715740	3118961
7	802003982	1556050240	4548098
6	802003958	1556050126	4548098
5	795330780	1555781324	5208384
4	758285630	1555435783	5208384
3	748208346	1555285554	4981794
2	747141325	1555268626	5208384
1	747129467	1555268032	5208384
0	747128109	1555267943	5208384
