slug: news
title: "News"
tags: ["archived"]
116	1525154506	1728701679	5982545
115	1525036617	1728086989	5982545
114	1524972385	1727910851	5982545
113	1524972329	1727910391	5982545
112	1524249602	1724873560	5982545
111	1523090130	1721293227	5982545
110	1521403944	1720033997	5982545
109	1520920323	1718322378	5982545
108	1517491221	1705591630	4433848
107	1516549686	1701976194	4433848
106	1515652405	1698885568	3970162
105	1514139561	1695410268	5258122
104	1514121811	1695351919	3970162
103	1511427267	1687223796	3970162
102	1508023855	1677289274	3638389
101	1508023686	1677288461	3638389
100	1508023640	1677288234	3638389
99	1479030597	1658009975	4365296
98	1461972456	1655223416	3952836
97	1460052338	1649776632	3952836
96	1460052325	1649776568	3952836
95	1388865796	1644878091	3970162
94	1386179312	1636429711	3638389
93	1379448649	1631925823	3952836
92	1366797162	1625112389	3952836
91	1366540497	1624051501	3952836
90	1365757276	1621649455	3118961
89	1360731649	1615908674	3952836
88	1359477053	1611891746	3118961
87	1359477051	1611891730	3118961
86	1359356074	1611346266	3952836
85	1357183264	1603676528	3952836
84	1356984713	1603146901	3118961
83	1356865055	1603032360	3952836
82	1356105394	1601137695	3952836
81	1318426760	1598213838	3952836
80	1311010837	1596255069	3118961
79	1309376804	1596212240	3952836
78	1297627072	1595982173	3118961
77	1289085520	1595797593	3118961
76	1215277537	1593607067	3118961
75	1215025218	1592674619	3118961
74	1203658603	1592155992	3118961
73	1182886627	1590900177	3952836
72	1131752641	1590379336	3952836
71	1125995472	1590338607	3952836
70	1096457220	1589947287	3952836
69	1089641291	1589733803	3118961
68	1084507625	1588768144	3118961
67	1084507606	1588768069	3118961
66	1075277565	1587841787	3952836
65	1073171130	1586529002	3118961
64	1066207860	1585715086	3118961
63	1051034845	1585268214	3118961
62	1050902557	1584976023	3118961
61	1047582050	1583100883	3952836
60	1035661109	1581966871	3952836
59	1034643036	1581115028	3970162
58	1034643027	1581115000	3970162
57	1033964483	1579289129	3952836
56	1033318346	1576800667	3118961
55	1033318270	1576800041	3970162
54	1033189349	1576636816	3952836
53	1033189343	1576636769	3952836
52	986399306	1574549425	3970162
51	986102492	1574176612	3952836
50	981923787	1573952931	3952836
49	980926840	1573700660	3952836
48	971766681	1572540960	3952836
47	971637485	1572119957	3952836
46	971372830	1571878563	3118961
45	965914797	1570991403	3952836
44	963181434	1570412295	3970162
43	963181405	1570412277	3970162
42	963181404	1570412254	3970162
41	955889872	1569158736	2776183
40	950175594	1568688653	3970162
39	950175513	1568688586	3970162
38	933225962	1567554296	3952836
37	904418031	1565962036	3952836
36	904367733	1565882316	3952836
35	898983588	1564810195	3952836
34	898983576	1564810109	3952836
33	898983536	1564810059	3952836
32	897285322	1564672834	3952836
31	881302964	1562771244	3952836
30	852555538	1560736004	3952836
29	847767794	1559676622	3952836
28	847755854	1559627202	3970162
27	847755816	1559627034	3970162
26	847755812	1559626999	3970162
25	710499181	1553911162	3952836
24	683708893	1553216275	3952836
23	683708891	1553216263	3952836
22	683705065	1553203585	3952836
21	683704813	1553202841	3952836
20	682414423	1552439653	3952836
19	671591630	1551834270	3952836
18	661676639	1551641803	3952836
17	654158494	1551515764	3970162
16	654156788	1551515741	3970162
15	654150157	1551515663	3970162
14	635793890	1548392818	3952836
13	541155586	1546144090	3952836
12	497447617	1544503219	3952836
11	439534230	1543700708	3952836
10	370815897	1541890826	3952836
9	367008777	1541809310	3952836
8	340157426	1540994677	3952836
7	290801573	1540531669	3952836
6	290794042	1540531625	3952836
5	175324688	1539204913	3952836
4	149952506	1538515690	3952836
3	149951550	1538515372	3952836
2	146581507	1535768301	3952836
1	136225805	1533108110	2773416
0	136026909	1533013723	2773416
