slug: rpc-034
title: "RPC-034"
tags: ["alpha", "contact-hazard", "corrosive-hazard", "extreme-temperature-hazard", "rpc", "translated", "yellow"]
43	1528482230	1742152557	9487909
42	1506657855	1674173516	5982545
41	1506612983	1674006064	8310653
40	1389028607	1645546790	5689914
39	1388705330	1644326589	5716946
38	1386095471	1636076375	7287895
37	1367314953	1627651001	7299722
36	1367314951	1627650987	7299722
35	1033317589	1576795695	3638389
34	1033317549	1576795676	3638389
33	896340310	1564603980	5216375
32	847843483	1560017795	3638389
31	847189786	1558737749	3638389
30	802017888	1556075520	3952836
29	666685478	1551753686	1315056
28	666613076	1551752825	5208732
27	535388852	1545423451	3638389
26	535388815	1545423441	3638389
25	418674928	1542947386	2906223
24	367007216	1541805489	3952836
23	357736897	1541638996	2773416
22	354277525	1541558506	2773416
21	259115188	1540315758	3638389
20	213503411	1539809522	3952836
19	212403110	1539746629	4695861
18	168173035	1539043300	3952836
17	167282897	1539020103	2947029
16	164511369	1538959682	4293284
15	164163233	1538952017	4105536
14	146710155	1535825307	2773416
13	145678752	1535430189	2906223
12	145664034	1535423007	2906223
11	133368316	1532027528	3803946
10	129770492	1530429011	1875764
9	127594285	1529722773	4271216
8	127150581	1529601260	3638389
7	126821574	1529553082	1887364
6	126821427	1529552897	1887364
5	126367224	1529458940	1887364
4	126362522	1529456577	1887364
3	126361072	1529455888	2773416
2	126360845	1529455804	2773416
1	126360090	1529455445	1887364
0	126359998	1529455393	1887364
