slug: world-design
title: "Обмен опытом: Методы проектирования миров"
tags: []
26	1461033184	1652380362	4518363
25	1459881834	1649222397	4518363
24	1367256523	1627414017	4518363
23	1367256323	1627413315	7310155
22	1367252047	1627399746	7570350
21	1367252042	1627399721	7570350
20	1367234707	1627322613	4518363
19	1367214812	1627222250	7531370
18	1364935870	1620317477	4518363
17	1364914879	1620230766	4518363
16	1364914866	1620230738	4518363
15	1364914846	1620230688	4518363
14	1364914839	1620230668	4518363
13	1364914833	1620230649	4518363
12	1364914831	1620230645	4518363
11	1364914829	1620230641	4518363
10	1364914826	1620230636	4518363
9	1364914822	1620230624	4518363
8	1364889399	1620158608	4518363
7	1364889381	1620158530	4518363
6	1364889378	1620158497	4518363
5	1364889376	1620158473	4518363
4	1364889295	1620157992	4518363
3	1364889289	1620157970	4518363
2	1364889231	1620157868	4518363
1	1364889211	1620157744	4518363
0	1364889198	1620157660	4518363
