slug: rpc-104
title: "RPC-104"
tags: ["gamma", "orange", "organic-hazard", "rpc", "sapient-hazard", "translated"]
23	1530838871	1751741741	9487909
22	1530838869	1751741732	9487909
21	1475477395	1656726400	3672751
20	1474682183	1656707439	3970162
19	1474681456	1656707338	3970162
18	1215166921	1593232478	4315330
17	1084548266	1588863913	1315056
16	643963496	1550362070	4981794
15	609282918	1547765215	3638389
14	609282901	1547765170	3638389
13	366985286	1541801166	3952836
12	343701782	1541055896	2906223
11	343583994	1541054938	4464984
10	213377057	1539806882	3952836
9	167971710	1539036620	3646714
8	164619495	1538961977	3646714
7	164203807	1538952853	4558857
6	164192107	1538952628	2976054
5	146712918	1535826400	3625466
4	137619246	1533501403	3638389
3	131746983	1531350803	2773416
2	130394183	1530665451	4300902
1	130394073	1530665382	4300902
0	130393841	1530665287	4300902
