slug: component:gear-theme
title: "GEAR Theme"
tags: ["theme"]
143	1050603936	1584297251	3118961
142	1050603927	1584297238	3118961
141	1048200186	1583780106	3118961
140	1046912390	1582590829	3118961
139	1034417464	1580429138	3118961
138	1033394159	1577027659	3118961
137	1033382876	1576986732	3118961
136	1033381504	1576978090	3118961
135	1033381495	1576978040	3118961
134	1033381308	1576976740	3118961
133	1033381294	1576976681	3118961
132	1033381161	1576976037	3118961
131	1033381142	1576975956	3118961
130	1033380832	1576974789	3118961
129	1033380828	1576974747	3118961
128	1033380813	1576974625	3118961
127	1033380806	1576974583	3118961
126	1033380756	1576974022	3118961
125	1033380751	1576973951	3118961
124	1033380738	1576973818	3118961
123	1033380733	1576973791	3118961
122	1033380634	1576973614	3118961
121	1033380627	1576973499	3118961
120	1033380621	1576973430	3118961
119	1033380610	1576973333	3118961
118	1033380597	1576973162	3118961
117	1033380585	1576973068	3118961
116	1033380580	1576972983	3118961
115	1033380572	1576972880	3118961
114	1033380565	1576972762	3118961
113	1033380560	1576972703	3118961
112	1033380552	1576972646	3118961
111	1033380503	1576972463	3118961
110	904428100	1565980163	3118961
109	904426568	1565978571	3118961
108	888225830	1562957350	3118961
107	835515997	1557711656	3118961
106	751593210	1555383444	3118961
105	751590797	1555383425	3118961
104	699812931	1553605846	2241229
103	699812866	1553605651	2241229
102	699812819	1553605599	2241229
101	699812808	1553605572	2241229
100	699812789	1553605487	2241229
99	699812698	1553605344	2241229
98	684467263	1553300997	3118961
97	684446496	1553300662	3118961
96	684360835	1553299239	3118961
95	684359478	1553299213	3118961
94	641551421	1549395517	3118961
93	641551306	1549395429	3118961
92	641551233	1549395064	3118961
91	641551214	1549394982	3118961
90	641551175	1549394836	3118961
89	641551148	1549394810	3118961
88	550504812	1546319030	3118961
87	550504805	1546319001	3118961
86	519102748	1544801846	2241229
85	198074170	1539399946	3207272
84	198047693	1539399795	3207272
83	197996064	1539399507	3207272
82	197948056	1539399090	3207272
81	197930579	1539398946	3118961
80	197928367	1539398925	3118961
79	197923087	1539398882	3118961
78	197898490	1539398673	3118961
77	197875071	1539398465	3118961
76	197868390	1539398398	3118961
75	197863930	1539398363	3118961
74	197822762	1539397962	3118961
73	197810355	1539397819	3118961
72	197794943	1539397627	3118961
71	197777985	1539397434	3118961
70	197777453	1539397424	3118961
69	197767662	1539397323	3118961
68	197747480	1539397157	3118961
67	197741197	1539397111	3118961
66	197721325	1539396964	3118961
65	197709841	1539396890	3118961
64	197705502	1539396843	3118961
63	146440511	1535661398	3118961
62	146440444	1535661386	3118961
61	146440408	1535661376	3118961
60	146440334	1535661356	3118961
59	146438872	1535660980	3118961
58	146433309	1535659511	3118961
57	146430223	1535658603	3118961
56	146430073	1535658543	3118961
55	146429975	1535658515	3118961
54	146429605	1535658429	3118961
53	146429051	1535658295	3118961
52	146428983	1535658273	3118961
51	146428810	1535658241	3118961
50	146428710	1535658213	3118961
49	146428660	1535658192	3118961
48	146428331	1535658094	3118961
47	146428265	1535658073	3118961
46	146427715	1535657945	3118961
45	146427551	1535657901	3118961
44	146427420	1535657874	3118961
43	146427383	1535657848	3118961
42	146422797	1535656560	3118961
41	146422683	1535656511	3118961
40	146421433	1535656171	3118961
39	146421218	1535656108	3118961
38	146421017	1535656089	3118961
37	146420893	1535656024	3118961
36	146420019	1535655798	3118961
35	146420014	1535655792	3118961
34	146420001	1535655774	3118961
33	146418706	1535655484	3118961
32	146418667	1535655470	3118961
31	146418551	1535655448	3118961
30	146418446	1535655402	3118961
29	146418137	1535655316	3118961
28	146417591	1535655168	3118961
27	146417487	1535655140	3118961
26	146417443	1535655111	3118961
25	146406704	1535652372	3118961
24	146406628	1535652361	3118961
23	146404760	1535651880	3118961
22	146404756	1535651873	3118961
21	146404433	1535651798	3118961
20	146404399	1535651790	3118961
19	146403260	1535651462	3118961
18	146403172	1535651456	3118961
17	146402658	1535651321	3118961
16	146402641	1535651314	3118961
15	146402258	1535651190	3118961
14	146402244	1535651180	3118961
13	146400887	1535650862	3118961
12	146400824	1535650853	3118961
11	146400581	1535650810	3118961
10	146400572	1535650803	3118961
9	146398386	1535650259	3118961
8	146398383	1535650251	3118961
7	146397466	1535650031	3118961
6	146397431	1535650014	3118961
5	146389747	1535647974	3118961
4	146389609	1535647952	3118961
3	146388348	1535647664	3118961
2	146387288	1535647345	3118961
1	146386780	1535647237	3118961
0	146386497	1535647144	3118961
