slug: sandboxes
title: "Sandboxes"
tags: []
63	1544527506	1780957819	3437739
62	1544500650	1780848018	3437739
61	1544447122	1780616669	3437739
60	1530316926	1748708033	3437739
59	1530316919	1748708000	3437739
58	1520405314	1716319694	3437739
57	1520405301	1716319626	3437739
56	1520394311	1716272613	3437739
55	1520394295	1716272509	3437739
54	1520394242	1716272175	3437739
53	1519316010	1711989364	3437739
52	1519316004	1711989236	3437739
51	1517099357	1704115676	3437739
50	1516831418	1702916580	3437739
49	1516831414	1702916564	3437739
48	1516140498	1700568240	3437739
47	1516108288	1700500177	3437739
46	1516001516	1700003717	3437739
45	1516001499	1700003640	3437739
44	1516001497	1700003624	3437739
43	1514349086	1696024908	3437739
42	1514061491	1695148082	3437739
41	1513356479	1693172016	3437739
40	1511734145	1688181214	3437739
39	1511591126	1687759419	3437739
38	1511576951	1687698325	3437739
37	1511576942	1687698295	3437739
36	1511576936	1687698283	3437739
35	1511576890	1687698167	3437739
34	1511557795	1687640253	3437739
33	1511557483	1687638853	3437739
32	1511557481	1687638847	3437739
31	1510314713	1684457031	3437739
30	1509306303	1680839756	3437739
29	1509291238	1680754021	3437739
28	1508928729	1679780356	3437739
27	1508928728	1679780344	3437739
26	1508928726	1679780336	3437739
25	1508928319	1679777422	3437739
24	1508928313	1679777387	3437739
23	1508928284	1679777150	3437739
22	1508928282	1679777140	3437739
21	1508928278	1679777109	3437739
20	1508928275	1679777102	3437739
19	1506707674	1674339408	3437739
18	1504933913	1671072344	3437739
17	1497977816	1670017986	3437739
16	1479096258	1658216269	3437739
15	1478895670	1657691069	3437739
14	1460227018	1650293457	3437739
13	1460196614	1650157375	3437739
12	1460196603	1650157290	3437739
11	1460159678	1650140414	3437739
10	1460159674	1650140396	3437739
9	1460159669	1650140372	3437739
8	1460159440	1650138658	3437739
7	1460159338	1650138016	3437739
6	1460159337	1650138003	3437739
5	1460159336	1650137994	3437739
4	1460159335	1650137986	3437739
3	1460159333	1650137968	3437739
2	1460159328	1650137943	3437739
1	1460159322	1650137913	3437739
0	1460159187	1650137448	3437739
