slug: landing-zone
title: "Main Hub"
tags: []
129	1544447117	1780616647	3437739
128	1541365384	1768190525	3437739
127	1530319059	1748726390	3437739
126	1530316915	1748707976	3437739
125	1530316913	1748707953	3437739
124	1530316910	1748707944	3437739
123	1530316908	1748707934	3437739
122	1530114237	1747233274	3437739
121	1528973292	1743440685	3437739
120	1528973284	1743440669	3437739
119	1528973020	1743439265	3437739
118	1527039113	1735708907	3437739
117	1524816892	1727106344	3437739
116	1524816885	1727106297	3437739
115	1524816883	1727106284	3437739
114	1520394316	1716272629	3437739
113	1520206631	1715622066	3437739
112	1517132655	1704309009	3437739
111	1517095536	1704092424	3437739
110	1517086513	1704039740	3437739
109	1517086471	1704039723	3437739
108	1517086466	1704039706	3437739
107	1517058469	1703908704	3437739
106	1517058078	1703907438	3437739
105	1517058073	1703907421	3437739
104	1517058059	1703907352	3437739
103	1517058053	1703907340	3437739
102	1517057955	1703906876	3437739
101	1517052644	1703873110	3437739
100	1517052641	1703873096	3437739
99	1516831153	1702915819	3437739
98	1516831097	1702915678	3437739
97	1516831062	1702915569	3437739
96	1516831058	1702915555	3437739
95	1516831056	1702915541	3437739
94	1516831052	1702915515	3437739
93	1516831046	1702915498	3437739
92	1516830999	1702915417	3437739
91	1516830936	1702915108	3437739
90	1516108241	1700500125	3437739
89	1516108240	1700500113	3437739
88	1516108236	1700500095	3437739
87	1515985501	1699924036	3437739
86	1513701592	1693799379	3437739
85	1513701589	1693799353	3437739
84	1513701583	1693799295	3437739
83	1513701540	1693798919	3437739
82	1513701536	1693798891	3437739
81	1513701535	1693798879	3437739
80	1513701502	1693798867	3437739
79	1513701500	1693798859	3437739
78	1513701499	1693798849	3437739
77	1513701279	1693797413	3437739
76	1513354485	1693160229	3437739
75	1511557291	1687638199	3437739
74	1511557285	1687638174	3437739
73	1509306148	1680839270	3437739
72	1508929391	1679785738	3437739
71	1508928267	1679777051	3437739
70	1508928262	1679777018	3437739
69	1506707733	1674339756	3437739
68	1504946501	1671117179	3437739
67	1504946499	1671117170	3437739
66	1504933965	1671072556	3437739
65	1504933962	1671072549	3437739
64	1504933958	1671072536	3437739
63	1504933957	1671072528	3437739
62	1504933900	1671072308	3437739
61	1504933896	1671072296	3437739
60	1504933892	1671072268	3437739
59	1504933887	1671072247	3437739
58	1497825184	1669432815	3437739
57	1497825179	1669432809	3437739
56	1497825175	1669432795	3437739
55	1497825172	1669432772	3437739
54	1497125113	1667426660	3437739
53	1478895818	1657691444	3437739
52	1478895807	1657691351	3437739
51	1461200111	1652931244	3437739
50	1461164832	1652836631	3437739
49	1461164830	1652836619	3437739
48	1460215347	1650243894	3437739
47	1460215343	1650243885	3437739
46	1460159653	1650140234	3437739
45	1460159645	1650140178	3437739
44	1460159602	1650139812	3437739
43	1460159596	1650139788	3437739
42	1460159591	1650139775	3437739
41	1460159589	1650139767	3437739
40	1460159587	1650139759	3437739
39	1460159585	1650139750	3437739
38	1460159583	1650139741	3437739
37	1460159581	1650139732	3437739
36	1460159574	1650139681	3437739
35	1460159555	1650139451	3437739
34	1460159554	1650139443	3437739
33	1460159550	1650139424	3437739
32	1460159548	1650139418	3437739
31	1460159546	1650139401	3437739
30	1460159543	1650139385	3437739
29	1460159542	1650139376	3437739
28	1460159538	1650139353	3437739
27	1460159533	1650139324	3437739
26	1460159531	1650139316	3437739
25	1460159530	1650139296	3437739
24	1460159527	1650139284	3437739
23	1460159522	1650139233	3437739
22	1460159516	1650139198	3437739
21	1460159515	1650139189	3437739
20	1460159512	1650139177	3437739
19	1460159503	1650139135	3437739
18	1460159499	1650139115	3437739
17	1460159482	1650139000	3437739
16	1460159472	1650138922	3437739
15	1460159469	1650138888	3437739
14	1460159454	1650138782	3437739
13	1460159445	1650138675	3437739
12	1460159433	1650138584	3437739
11	1460159427	1650138545	3437739
10	1460159424	1650138495	3437739
9	1460159420	1650138418	3437739
8	1460159419	1650138412	3437739
7	1460159418	1650138401	3437739
6	1460159415	1650138383	3437739
5	1460159413	1650138373	3437739
4	1460159298	1650137749	3437739
3	1460159297	1650137742	3437739
2	1460159295	1650137731	3437739
1	1460159291	1650137714	3437739
0	1460159188	1650137448	3437739
