slug: nav:top
title: "Top Navigation"
tags: []
50	1544527503	1780957789	3437739
49	1544527486	1780957602	3437739
48	1544527475	1780957514	3437739
47	1544501305	1780850832	3437739
46	1544501301	1780850812	3437739
45	1544501300	1780850800	3437739
44	1544501287	1780850734	3437739
43	1544501224	1780850354	3437739
42	1544501161	1780850014	3437739
41	1544501118	1780849894	3437739
40	1544500870	1780849069	3437739
39	1544500642	1780847966	3437739
38	1544500624	1780847855	3437739
37	1544500575	1780847598	3437739
36	1544500570	1780847582	3437739
35	1544500557	1780847518	3437739
34	1544500531	1780847415	3437739
33	1544500482	1780847147	3437739
32	1544500406	1780846928	3437739
31	1544500403	1780846911	3437739
30	1544500400	1780846902	3437739
29	1544500392	1780846851	3437739
28	1520405237	1716319307	3437739
27	1520394539	1716273829	3437739
26	1520394325	1716272658	3437739
25	1511656986	1687967868	3437739
24	1511576863	1687698071	3437739
23	1511557360	1687638526	3437739
22	1508928871	1679781653	3437739
21	1508928720	1679780260	3437739
20	1508928440	1679778196	3437739
19	1508928435	1679778147	3437739
18	1508928358	1679777766	3437739
17	1508928351	1679777684	3437739
16	1508928347	1679777653	3437739
15	1505061221	1671123546	3437739
14	1505061155	1671123311	3437739
13	1505061143	1671123263	3437739
12	1497825153	1669432663	3437739
11	1497825145	1669432622	3437739
10	1497825141	1669432609	3437739
9	1460159643	1650140164	3437739
8	1460159640	1650140124	3437739
7	1460159635	1650140104	3437739
6	1460159632	1650140079	3437739
5	1460159631	1650140068	3437739
4	1460159628	1650140050	3437739
3	1460159621	1650140022	3437739
2	1460159620	1650140009	3437739
1	1460159488	1650139066	3437739
0	1460159228	1650137449	3437739
