slug: rpc-444
title: "RPC-444"
tags: ["amazing.co", "extra-dimensional-hazard", "gamma", "orange", "rpc", "sentient-hazard", "top10", "translated"]
37	1544747754	1781935200	9161410
36	1506989482	1674831709	7271260
35	1506989480	1674831695	7271260
34	1361691204	1616254944	3952836
33	1361164053	1616162894	5293995
32	1361164048	1616162878	5293995
31	1073337675	1586769741	2134920
30	904374750	1565915405	4076346
29	902281463	1565646990	4076346
28	873084947	1561688517	4318942
27	856045829	1560880527	3638389
26	856044936	1560880497	3638389
25	700783824	1553640945	4548098
24	700781945	1553640905	4548098
23	683785062	1553276142	4583766
22	682077698	1552369359	3970162
21	560298782	1546486784	4318942
20	560288350	1546486633	4318942
19	553884327	1546380996	4318942
18	543211377	1546173625	4981794
17	439563991	1543727942	4318942
16	439563983	1543727896	4318942
15	367006597	1541804255	3952836
14	213379616	1539806907	3952836
13	167943360	1539035681	3952836
12	164940955	1538970159	4558857
11	148127073	1537668875	4318942
10	147469730	1536843529	3992967
9	147462819	1536837207	3992967
8	147328709	1536641824	4297718
7	147328691	1536641769	4297718
6	146891090	1535999860	4318942
5	146716738	1535835925	2773416
4	135770564	1532908584	2773416
3	135732640	1532900683	4318942
2	135702604	1532895019	4318942
1	135701018	1532894734	4318942
0	135700172	1532894600	4318942
