slug: rpc-887
title: "RPC-887"
tags: ["aggression-hazard", "climatological-hazard", "co-authored", "extreme-temperature-hazard", "gard", "geological-hazard", "omega", "organic-hazard", "purple", "rpc", "sapient-hazard"]
16	1356696300	1602555300	3672751
15	1356696286	1602555280	3672751
14	1356696210	1602555153	3672751
13	1356696183	1602555109	3672751
12	1227047848	1594516224	3118961
11	1034179108	1579987303	3118961
10	986439435	1574734241	4981794
9	986439135	1574731097	4318134
8	986439124	1574730952	4318134
7	986439121	1574730919	4318134
6	986439083	1574730543	4318134
5	978944844	1573166580	2930589
4	977114377	1572801112	4318134
3	977100183	1572800910	4318134
2	977092068	1572799540	4318134
1	976552014	1572783482	5293995
0	976030718	1572762428	4930765
