slug: draft:maestrogame
title: "Черновик \"Архивариуса\""
tags: []
44	1318689686	1599092882	5104239
43	1318689684	1599092870	5104239
42	906206906	1566642434	5104239
41	906206890	1566642364	5104239
40	906206584	1566641392	5104239
39	906206532	1566641002	5104239
38	906205871	1566638641	5104239
37	905222824	1566567542	5104239
36	905214971	1566564396	5104239
35	904608884	1566396387	5104239
34	904608054	1566392747	5104239
33	904607635	1566391493	5104239
32	904580372	1566316827	5104239
31	904580232	1566316399	5104239
30	904580220	1566316390	5104239
29	904580188	1566316361	5104239
28	901593273	1565597250	5104239
27	901593268	1565597233	5104239
26	901592995	1565596647	5104239
25	901592945	1565596574	5104239
24	901580184	1565544311	5104239
23	901580051	1565543941	5104239
22	901579894	1565543435	5104239
21	901579835	1565543215	5104239
20	901579611	1565542605	5104239
19	901572494	1565517569	5104239
18	901572453	1565517457	5104239
17	901572394	1565517421	5104239
16	901572296	1565517150	5104239
15	901558231	1565475389	5104239
14	901123645	1565430595	5104239
13	900925643	1565363123	5104239
12	900924207	1565358656	5104239
11	900916071	1565333441	5104239
10	900871516	1565174878	5104239
9	900871095	1565173800	5104239
8	898997308	1564863099	5104239
7	898960901	1564757486	5104239
6	898931671	1564745789	5104239
5	898931553	1564745714	5104239
4	898931550	1564745702	5104239
3	898931458	1564745613	5104239
2	898931456	1564745598	5104239
1	898931302	1564745544	5104239
0	896339934	1564601590	5104239
