slug: author-page
title: "Author Page"
tags: ["hub"]
395	1542334623	1772204563	5982545
394	1530651251	1750826683	3638389
393	1530651207	1750826308	3638389
392	1530596125	1750470623	3638389
391	1522955231	1720534793	5982545
390	1517072928	1703976903	5982545
389	1509394551	1681252481	5982545
388	1509381695	1681175009	5982545
387	1509379432	1681157478	5982545
386	1509379386	1681157114	5982545
385	1509378399	1681151493	5982545
384	1508537598	1678747136	3672751
383	1508168385	1677629053	5982545
382	1508168365	1677628912	5982545
381	1508026544	1677299270	3646714
380	1508024186	1677290706	3672751
379	1508023474	1677287559	5258122
378	1508023450	1677287465	5258122
377	1508023440	1677287421	5258122
376	1508023412	1677287260	5258122
375	1508023371	1677287047	5258122
374	1508023338	1677286843	5258122
373	1508023335	1677286830	5258122
372	1508023329	1677286767	5258122
371	1508023301	1677286642	5258122
370	1508023140	1677285950	5258122
369	1508023125	1677285899	5258122
368	1507823241	1676755136	3672751
367	1506997490	1674859451	3672751
366	1506997452	1674859314	3672751
365	1506387547	1673192983	3672751
364	1506387456	1673192818	3672751
363	1506387411	1673192726	3672751
362	1498291626	1670814043	3672751
361	1498281761	1670772886	3672751
360	1495982192	1664752518	5982545
359	1495981967	1664751236	5258122
358	1495981935	1664751169	5258122
357	1495981930	1664751090	5258122
356	1495981879	1664750828	5258122
355	1479226307	1658550134	3672751
354	1479226289	1658550006	3672751
353	1479195716	1658460278	3672751
352	1479178854	1658408856	3672751
351	1479178647	1658408106	3672751
350	1479052717	1658104488	3672751
349	1475632995	1656785373	3672751
348	1462039393	1655415250	5258122
347	1461200726	1652933688	3952836
346	1460089394	1649811374	3672751
345	1459578833	1648352906	3672751
344	1389094975	1645906072	3672751
343	1389050143	1645673550	3672751
342	1388247113	1642263890	1619464
341	1388236703	1642198380	3970162
340	1386542087	1637773916	3672751
339	1386542075	1637773798	3672751
338	1380092150	1633928776	4981794
337	1379709544	1632880314	5293995
336	1379707105	1632870852	3672751
335	1379689072	1632797843	3672751
334	1379689068	1632797792	2818841
333	1379689059	1632797696	2818841
332	1379689016	1632796727	2765984
331	1379532280	1632278424	2765984
330	1379071252	1630604942	6723882
329	1378956501	1630341732	3672751
328	1378941607	1630274820	3672751
327	1378500322	1630114587	3672751
326	1371950409	1629425186	3952836
325	1371112296	1629213075	5709409
324	1371073973	1629076884	3952836
323	1367543590	1628655018	3299445
322	1367467493	1628368679	3672751
321	1367467443	1628368444	3672751
320	1367364771	1627849846	3672751
319	1367132851	1626825925	3672751
318	1366885802	1625615045	4318134
317	1366398470	1623420771	3952836
316	1366136807	1622552225	3672751
315	1366065954	1622215338	7320700
314	1364944554	1620355583	3672751
313	1362365178	1618727035	6579982
312	1362364842	1618725751	6579982
311	1362300174	1618500596	3952836
310	1362113702	1617930658	3952836
309	1362082672	1617761405	3952836
308	1362058913	1617640130	3952836
307	1361997019	1617321449	3118961
306	1361975694	1617215489	4318134
305	1361974398	1617209958	3952836
304	1361960387	1617140942	3118961
303	1361906288	1616862491	3672751
302	1361906090	1616861879	3672751
301	1361905883	1616861230	3672751
300	1361905863	1616861165	3672751
299	1361855256	1616676176	3118961
298	1361849915	1616654111	6579982
297	1361738089	1616459424	3118961
296	1361738022	1616458939	3118961
295	1361734731	1616446387	3118961
294	1361734720	1616446341	3118961
293	1361734689	1616446213	3118961
292	1361734644	1616446012	3118961
291	1361734538	1616445728	3118961
290	1361733948	1616443894	3118961
289	1361733788	1616443514	3118961
288	1361733587	1616443207	3118961
287	1361733336	1616442346	3118961
286	1361733228	1616442031	3118961
285	1361733119	1616441595	3118961
284	1361733089	1616441499	3118961
283	1361733047	1616441453	3118961
282	1361732978	1616441150	3118961
281	1361732832	1616440779	3118961
280	1361732612	1616439987	3118961
279	1361731110	1616434981	3672751
278	1360568050	1615870597	3118961
277	1360568045	1615870549	3118961
276	1360560426	1615829109	3118961
275	1360499613	1615708072	6579982
274	1360493609	1615671060	3118961
273	1360478671	1615595758	3118961
272	1360458474	1615491210	3672751
271	1360445162	1615431114	7307938
270	1360445128	1615430894	7307938
269	1360321801	1615389934	7307938
268	1360313680	1615350426	6481401
267	1360312557	1615342748	3672751
266	1360312296	1615341158	3672751
265	1360312244	1615341031	3672751
264	1360303403	1615304157	3672751
263	1360302394	1615302394	7307938
262	1360302370	1615302344	7307938
261	1360302341	1615302278	7307938
260	1360239141	1614996606	3672751
259	1360222113	1614916246	3672751
258	1360218885	1614899511	3952836
257	1360143667	1614520223	3118961
256	1360132263	1614460782	3952836
255	1360043737	1614038857	3118961
254	1359635570	1612645214	3118961
253	1359611821	1612534629	3118961
252	1359374862	1611420372	3952836
251	1359374781	1611419962	3952836
250	1359187747	1610845858	3722979
249	1359182817	1610837645	3118961
248	1358347240	1607631822	3952836
247	1357885843	1606330943	3952836
246	1357651541	1605480012	3118961
245	1357651474	1605479601	3118961
244	1357651076	1605478060	3118961
243	1357651073	1605478018	3118961
242	1357651065	1605477972	3118961
241	1357650924	1605477211	3118961
240	1357647538	1605462769	3118961
239	1357644836	1605449704	3118961
238	1357644821	1605449579	3118961
237	1357294443	1604180116	3118961
236	1357293545	1604174264	3118961
235	1356733406	1602656513	3638389
234	1356525372	1602264510	3638389
233	1356257304	1601670036	3118961
232	1356257219	1601669796	3118961
231	1356254179	1601660689	3118961
230	1355964915	1600655820	3118961
229	1355934988	1600545584	3952836
228	1355760928	1600187811	3118961
227	1309416613	1596212952	3952836
226	1288987945	1595796293	3118961
225	1256137033	1595199548	3118961
224	1234955163	1594671901	3638389
223	1234955032	1594671667	3638389
222	1230639203	1594574193	3952836
221	1226108870	1594504082	3638389
220	1226096069	1594503860	3638389
219	1226091452	1594503773	3638389
218	1215245996	1593480741	3118961
217	1200334849	1592016355	3118961
216	1199605527	1592000422	3952836
215	1172367062	1590705867	3952836
214	1102969131	1590168074	3952836
213	1102958259	1590167985	3952836
212	1102936850	1590167728	3952836
211	1097785273	1590107684	3952836
210	1075401712	1588120433	3118961
209	1075274436	1587830800	3118961
208	1075274428	1587830765	3118961
207	1075274422	1587830746	3118961
206	1075262847	1587784418	3118961
205	1075254578	1587744929	3952836
204	1075159794	1587435128	3118961
203	1075063734	1587353435	3118961
202	1073903316	1587272652	3118961
201	1073623140	1586995436	3952836
200	1073623052	1586995341	3952836
199	1073207022	1586644139	4930765
198	1073205497	1586639325	4930765
197	1073194727	1586607454	4930765
196	1073168132	1586517962	4930765
195	1073161212	1586500379	4930765
194	1073161148	1586499829	4930765
193	1050941620	1585056938	3118961
192	1050722167	1584537532	3118961
191	1050601614	1584292717	3952836
190	1050601502	1584292448	3952836
189	1050601292	1584291975	3952836
188	1050601238	1584291840	3952836
187	1048425976	1584133943	3118961
186	1048178707	1583716631	3118961
185	1048171731	1583695206	3118961
184	1048167190	1583680301	3118961
183	1048167179	1583680264	3118961
182	1048167089	1583679870	3118961
181	1046698803	1582429476	3118961
180	1046687865	1582428613	3118961
179	1046687633	1582428146	3118961
178	1046687619	1582428070	3118961
177	1037270172	1582047467	3952836
176	1037263775	1582047278	3952836
175	1034697887	1581337463	3952836
174	1034688380	1581303248	3952836
173	1034682171	1581274334	3952836
172	1034613525	1580993195	3952836
171	1034237403	1580196129	4930765
170	1034021608	1579472946	3952836
169	1033847243	1578780886	3952836
168	1033645617	1577992219	3952836
167	1033428824	1577122758	1315056
166	1032432155	1576616749	3952836
165	1014858282	1576368960	1315056
164	994455091	1575468532	1315056
163	994455065	1575468354	1315056
162	994454990	1575468028	1315056
161	990637216	1575310429	3952836
160	986931033	1574890703	3952836
159	986384825	1574475834	4930765
158	980056813	1573325342	3952836
157	978921227	1573060522	3952836
156	975229221	1572716851	3952836
155	971377330	1571884030	3952836
154	970237773	1571619639	3952836
153	958807606	1569596737	1315056
152	956750328	1569253195	3952836
151	934126409	1567567637	3638389
150	904488091	1566178267	3952836
149	904470524	1566120725	4930765
148	904470477	1566120656	4930765
147	904470442	1566120498	4930765
146	904451253	1566054060	3118961
145	904433123	1565993000	3952836
144	903257963	1565760222	3952836
143	899085484	1564982641	3952836
142	892765746	1563819596	3952836
141	891711197	1563219617	3952836
140	890391207	1563145845	3952836
139	888049532	1562938712	3952836
138	883596427	1562817723	3952836
137	883582933	1562817524	3952836
136	881077588	1562704464	3952836
135	881052914	1562607702	1315056
134	881037674	1562534988	3638389
133	880519242	1562296354	3952836
132	877706008	1561924392	3952836
131	877705800	1561924060	3952836
130	856807360	1560909708	3952836
129	853726563	1560798822	3638389
128	852550122	1560707927	1315056
127	848854033	1560524991	3970162
126	848851982	1560524765	3970162
125	847998212	1560478452	3952836
124	847716963	1559447239	3952836
123	847715673	1559441117	3952836
122	847697628	1559357168	3952836
121	847696496	1559350725	3952836
120	847230856	1558892579	3638389
119	847230845	1558892528	3638389
118	847230841	1558892512	3638389
117	846976884	1558405110	4302636
116	844872890	1558131904	3638389
115	844872874	1558131804	3638389
114	844842260	1558056650	3970162
113	844842241	1558056583	3970162
112	844842169	1558056442	3970162
111	844842155	1558056412	3970162
110	835788080	1557803685	3970162
109	835504479	1557707192	3638389
108	835503415	1557706828	3638389
107	835041349	1557421030	1315056
106	805558605	1556488726	3970162
105	805558522	1556488611	3970162
104	801936345	1555965199	3118961
103	796235658	1555794530	3952836
102	768225687	1555524155	3952836
101	718466014	1554316994	3952836
100	718465957	1554316890	3118961
99	710914622	1553976966	3952836
98	688984624	1553401427	3952836
97	685278668	1553317669	3970162
96	685276896	1553317584	3970162
95	685217506	1553316423	3970162
94	685214887	1553316362	3970162
93	683379875	1552970824	3970162
92	683295914	1552771596	3952836
91	682660813	1552509863	3118961
90	682660810	1552509846	3118961
89	682660802	1552509829	3118961
88	682541108	1552467749	3970162
87	682541097	1552467697	3970162
86	682415348	1552442229	3118961
85	682415331	1552442171	3118961
84	682415307	1552442090	3118961
83	682414894	1552440819	3970162
82	682412482	1552433001	3970162
81	651058120	1551388592	3970162
80	649808588	1550711799	3952836
79	649803831	1550697633	3118961
78	649803781	1550697417	3118961
77	649796696	1550675287	3118961
76	649796481	1550674723	3118961
75	641562084	1549425647	3646714
74	641466499	1549180260	3970162
73	641466489	1549180220	3970162
72	641419946	1549062239	3970162
71	641340131	1548876573	3952836
70	641338408	1548873164	3952836
69	641332460	1548862699	3118961
68	640523212	1548766335	4583766
67	639449466	1548728176	1315056
66	639449215	1548727731	3118961
65	638131884	1548615948	3952836
64	638107526	1548615607	3952836
63	626981679	1548076543	3118961
62	590427611	1547395117	3638389
61	589261053	1547219045	3952836
60	573072127	1546811756	3646714
59	573066580	1546811678	3646714
58	570350245	1546738748	4365296
57	570350238	1546738714	4365296
56	545409322	1546217125	3952836
55	541471218	1546148683	3952836
54	541447920	1546148402	3952836
53	541445123	1546148302	3952836
52	541388773	1546147569	3952836
51	538942866	1545922308	3952836
50	538328384	1545713140	3646714
49	538097834	1545584048	3952836
48	538097819	1545583908	3952836
47	538097792	1545583693	3952836
46	535559486	1545457904	3952836
45	535469649	1545439931	3952836
44	534295122	1545359724	1315056
43	524281877	1544976575	1315056
42	523567645	1544906263	3952836
41	523566496	1544905846	3952836
40	517916646	1544661494	3952836
39	439513590	1543644259	3952836
38	430133857	1543356668	3646714
37	426263747	1543197252	2280149
36	426263701	1543197155	2280149
35	415844151	1542772276	1315056
34	375365185	1541984051	3952836
33	371990512	1541916877	4302636
32	366784075	1541794645	4583766
31	366780398	1541794570	4583766
30	366776742	1541794477	4583766
29	362553931	1541718397	2773416
28	357159946	1541631280	3646714
27	354194412	1541538832	3646714
26	353213836	1541466852	2280149
25	352661192	1541386912	3952836
24	352660743	1541386300	3952836
23	352222209	1541198878	3952836
22	316014851	1540853858	1315056
21	310051411	1540677263	3952836
20	309881723	1540675071	3952836
19	309864604	1540674683	3952836
18	309797473	1540673802	3952836
17	309782605	1540673601	3952836
16	309692493	1540672349	3952836
15	309653897	1540671954	3952836
14	309597110	1540671116	3952836
13	309569171	1540670788	3952836
12	309478123	1540669409	3646714
11	309470295	1540669255	3952836
10	309305110	1540667288	3118961
9	309284320	1540667017	3646714
8	309182073	1540666542	3118961
7	301529789	1540620907	3952836
6	301368262	1540619653	3952836
5	301291940	1540618817	3952836
4	301275704	1540618589	3952836
3	301269160	1540618465	3952836
2	300779810	1540610891	3952836
1	300741543	1540610318	2773416
0	300736447	1540610238	3952836
