slug: draft:thegreatbill
title: "Роща Меркассиса"
tags: []
60	901230418	1565436776	4624617
59	901230365	1565436688	4624617
58	900905651	1565290624	4624617
57	900905645	1565290578	4624617
56	900904567	1565285457	4624617
55	900904524	1565285273	4624617
54	900904488	1565285191	4624617
53	900904336	1565284747	4624617
52	900901833	1565275764	4624617
51	900901800	1565275501	4624617
50	900901232	1565272507	4624617
49	900901127	1565272015	4624617
48	900900981	1565271465	4624617
47	900899861	1565267721	4624617
46	900897741	1565261481	4624617
45	900897615	1565261167	4624617
44	900897202	1565260252	4624617
43	900897199	1565260240	4624617
42	900896764	1565258889	4624617
41	900896582	1565258491	4624617
40	900896547	1565258458	4624617
39	900896544	1565258442	4624617
38	900896536	1565258405	4624617
37	900896530	1565258390	4624617
36	900896505	1565258285	4624617
35	900896395	1565258093	4624617
34	900896219	1565257438	4624617
33	900896216	1565257425	4624617
32	900896186	1565257270	4624617
31	900896119	1565257208	4624617
30	900885931	1565218689	4624617
29	900885797	1565218247	4624617
28	900885789	1565218196	4624617
27	900885773	1565218066	4624617
26	900885771	1565218054	4624617
25	900884093	1565212046	4624617
24	900884057	1565211995	4624617
23	900884054	1565211982	4624617
22	900884014	1565211878	4624617
21	900884013	1565211858	4624617
20	900884003	1565211816	4624617
19	900884000	1565211801	4624617
18	900883844	1565210566	4624617
17	900883715	1565210122	4624617
16	900883521	1565209368	4624617
15	900883509	1565209274	4624617
14	900883503	1565209252	4624617
13	900883502	1565209243	4624617
12	900883497	1565209220	4624617
11	900883494	1565209192	4624617
10	900883491	1565209163	4624617
9	900883488	1565209145	4624617
8	900883479	1565209078	4624617
7	900882989	1565207498	4624617
6	900882933	1565207471	4624617
5	900882928	1565207435	4624617
4	900882917	1565207356	4624617
3	900882891	1565207097	4624617
2	900882889	1565207087	4624617
1	900882886	1565207053	4624617
0	900882668	1565205916	4624617
