slug: rpc-371
title: "RPC-371"
tags: ["beta", "mincon2023", "organic-hazard", "rpc", "translated", "white"]
21	1544483419	1780773654	5716946
20	1540609405	1765682130	9487909
19	1540609402	1765682121	9487909
18	1532671178	1759596155	5716946
17	1517470437	1705493019	5716946
16	1517470431	1705492962	5716946
15	1507757433	1676643664	5716946
14	1507751463	1676625539	5716946
13	1507751460	1676625518	5716946
12	1507751413	1676625245	5716946
11	1507751381	1676625025	5716946
10	1507751358	1676624855	5716946
9	1507751352	1676624799	5716946
8	1507751339	1676624698	5716946
7	1507751283	1676624535	5716946
6	1506295627	1672854824	5716946
5	1505468326	1672168667	5716946
4	1505468300	1672168530	5716946
3	1504918474	1671019002	5716946
2	1504916834	1671013425	5716946
1	1504916822	1671013373	5716946
0	1504916819	1671013363	5716946
