slug: rpc-373
title: "RPC-373"
tags: ["alpha", "bio-hazard", "ecological-hazard", "mincon2023", "organic-hazard", "rpc", "runnerup", "sapient-hazard", "sentient-hazard", "translated", "yellow"]
13	1540609374	1765681971	9487909
12	1509307120	1680846344	3050074
11	1508134565	1677487659	5716946
10	1508026800	1677300394	5258122
9	1508024271	1677290886	3672751
8	1508022975	1677285620	5258122
7	1507598362	1676084784	6371726
6	1507520876	1675975881	6371726
5	1507520802	1675975791	3672751
4	1505540771	1672346826	3672751
3	1505496754	1672283602	1619464
2	1505496611	1672283214	1619464
1	1505277112	1671585249	3672751
0	1505277078	1671585110	3672751
