slug: rpc-784
title: "RPC-784"
tags: ["alpha", "mincon2023", "rpc", "translated", "transmutation-hazard", "white"]
16	1544787212	1782079266	7013424
15	1540609370	1765681939	9487909
14	1540609366	1765681929	9487909
13	1515507789	1698410155	8622928
12	1507939632	1676920517	2818841
11	1507939626	1676920483	2818841
10	1507939543	1676920123	2818841
9	1507812041	1676718209	5716946
8	1506606181	1673977231	2818841
7	1506606174	1673977189	2818841
6	1506360018	1673093395	4981794
5	1505629364	1672524128	5982545
4	1505492043	1672259666	2818841
3	1505446785	1672095433	2818841
2	1505446768	1672095361	2818841
1	1505446761	1672095337	2818841
0	1505446746	1672095268	2818841
