slug: rpc-535
title: "RPC-535"
tags: ["animated-hazard", "beta", "mincon2023", "orange", "organic-hazard", "regenerative-hazard", "rpc", "sapient-hazard", "translated"]
10	1540609337	1765681761	9487909
9	1507343574	1675716120	6371726
8	1507343569	1675716101	6371726
7	1506018708	1672587183	3478027
6	1506018692	1672587067	3478027
5	1505629824	1672529701	5982545
4	1505629802	1672529414	5982545
3	1505547759	1672378574	3478027
2	1505547278	1672376771	4981794
1	1505546668	1672374112	3478027
0	1505546645	1672374016	3478027
