slug: rpc-844
title: "RPC-844"
tags: ["aggression-hazard", "alpha", "animated-hazard", "extra-dimensional-hazard", "mincon2023", "orange", "rpc", "translated"]
18	1540609333	1765681721	9487909
17	1540609330	1765681710	9487909
16	1513893011	1694488335	7935421
15	1506977317	1674791296	7935421
14	1506702181	1674315936	5982545
13	1506702053	1674315630	5982545
12	1506278970	1672790113	7935421
11	1506278940	1672789926	7935421
10	1506254240	1672703727	5258122
9	1505605538	1672456394	7935421
8	1505605522	1672456339	7935421
7	1505605489	1672456238	7935421
6	1505605474	1672456180	7935421
5	1505605463	1672456147	7935421
4	1505605437	1672456065	7935421
3	1505605419	1672456011	7935421
2	1505562088	1672444140	7935421
1	1505561915	1672442457	7935421
0	1505561914	1672442435	7935421
