slug: theme:white
title: "White Theme"
tags: ["theme"]
81	1544625580	1781384788	5982545
80	1523165546	1721655528	5982545
79	1522984295	1720622376	5982545
78	1358431011	1607984729	3118961
77	1358428342	1607969706	3118961
76	1357306098	1604247111	3118961
75	1336976647	1599846591	3118961
74	1187610976	1591196116	3118961
73	1073916619	1587315455	3118961
72	1070386957	1585799187	3118961
71	1068989331	1585770947	3118961
70	1066156160	1585713834	3118961
69	1050825975	1584741724	3118961
68	1050825437	1584739760	3118961
67	1050648825	1584383129	3118961
66	1050648795	1584383046	3118961
65	1050648684	1584382782	3118961
64	1050602733	1584294948	3118961
63	1048388808	1584055962	3118961
62	1048388698	1584055631	3118961
61	1048386702	1584050286	3118961
60	1046912887	1582592703	3118961
59	1046909713	1582579552	3118961
58	1046909541	1582578897	3118961
57	1046908931	1582576448	3118961
56	1046908763	1582575695	3118961
55	1046908456	1582574441	3118961
54	1046887213	1582499143	3118961
53	1046887110	1582498691	3118961
52	1046886578	1582496138	3118961
51	1046886420	1582495585	3118961
50	1046886258	1582494819	3118961
49	1046886112	1582493918	3118961
48	1046885998	1582493602	3118961
47	1046885460	1582491983	3118961
46	1046885308	1582491024	3118961
45	1046884014	1582486696	3118961
44	1046883965	1582486485	3118961
43	1046883962	1582486471	3118961
42	1046883924	1582486278	3118961
41	1046883917	1582486232	3118961
40	1046883855	1582485994	3118961
39	1046883848	1582485964	3118961
38	1046881567	1582478302	3118961
37	1046881487	1582477967	3118961
36	1046881038	1582476808	3118961
35	1046880987	1582476492	3118961
34	1046687349	1582427316	3118961
33	1046687250	1582426903	3118961
32	1046364877	1582415539	3118961
31	1046364790	1582415265	3118961
30	1045863683	1582401640	3118961
29	1045858601	1582401565	3118961
28	1045548569	1582393805	3118961
27	1045526908	1582393253	3118961
26	1045524028	1582393144	3118961
25	1045516205	1582392821	3118961
24	1045515882	1582392562	3118961
23	1045501456	1582392073	3118961
22	1045501358	1582391773	3118961
21	1045435834	1582383647	3118961
20	1043981641	1582323879	3118961
19	1043819173	1582319530	3118961
18	1043625946	1582314722	3118961
17	1043275793	1582294100	3118961
16	1043223619	1582287465	3118961
15	1042771891	1582262345	3118961
14	1042769510	1582262309	3118961
13	1042768310	1582262293	3118961
12	1042763920	1582262111	3118961
11	1042763216	1582262099	3118961
10	1042758296	1582261977	3118961
9	1042758294	1582261961	3118961
8	1042754778	1582261816	3118961
7	1042751428	1582261358	3118961
6	1042751413	1582261303	3118961
5	1042751408	1582261287	3118961
4	1042751380	1582261172	3118961
3	1042747665	1582261106	3118961
2	1042743744	1582261044	3118961
1	1042743731	1582260960	3118961
0	1042703902	1582257420	3118961
