slug: tales
title: ""
tags: []
16	1520036852	1714966666	4293614
15	1520036850	1714966633	4293614
14	1520036813	1714966601	4293614
13	1520036811	1714966585	4293614
12	1520036810	1714966567	4293614
11	1520036807	1714966545	4293614
10	1520036803	1714966522	4293614
9	1520036800	1714966492	4293614
8	1520036697	1714965830	4293614
7	1520036695	1714965816	4293614
6	1520036689	1714965780	4293614
5	1520036657	1714965433	4293614
4	1520036648	1714965385	4293614
3	1520036644	1714965356	4293614
2	1073034262	1586129091	4293614
1	1073034253	1586129071	4293614
0	144080277	1534979990	4293614
