slug: rpc-229
title: "RPC-229"
tags: ["alpha", "explosive-hazard", "extreme-temperature-hazard", "immeasurable-hazard", "regenerative-hazard", "rpc", "sensory-hazard", "visual-hazard", "yellow"]
10	1544350225	1780197814	7013424
9	1462013511	1655352768	5293995
8	1388414429	1643128030	3625466
7	1388260250	1642357571	6220006
6	1388250039	1642284742	6220006
5	1388236696	1642198296	3512728
4	1388235600	1642190056	7830062
3	1388235556	1642189627	7830062
2	1388235043	1642186524	7830062
1	1388235036	1642186494	7830062
0	1388227099	1642145427	7830062
