slug: rpc-cn-015-en
title: "RPC-CN-015 [EN]"
tags: ["alpha", "rpc", "translated", "translation", "yellow"]
16	1518468302	1708529419	3050074
15	1518365210	1708404537	2947029
14	1513021602	1692137110	5982545
13	1462145639	1655677933	3118961
12	1462145474	1655677477	3118961
11	1388964242	1645239807	5197199
10	1388414384	1643127588	5689914
9	1388414382	1643127573	5689914
8	1388290359	1642540141	2947029
7	1388290285	1642539825	2947029
6	1388281960	1642494566	2947029
5	1388280142	1642483253	2947029
4	1388280088	1642482911	2947029
3	1388278919	1642476581	2947029
2	1388278895	1642476394	2947029
1	1388278765	1642475400	2947029
0	1388278703	1642475162	2947029
