slug: grp-243
title: "GRP-243 — \"The World Eaters\""
tags: ["cosmic-embers", "document", "extra-terrestrial-hazard", "gamma", "geological-hazard", "gravitational-hazard", "grp", "orange", "organic-hazard", "sentient-hazard", "titanic-hazard"]
26	1511367590	1687088682	5982545
25	1508120266	1677426949	5258122
24	1508119015	1677423213	5258122
23	1508073250	1677394593	5258122
22	1507738714	1676567982	1619464
21	1507098932	1675125795	4846863
20	1495858367	1664365142	5709409
19	1479679983	1659900530	5709409
18	1462102582	1655597545	5258122
17	1461893939	1655076367	5709409
16	1461893897	1655076163	5709409
15	1461893604	1655075043	5709409
14	1460395706	1650631386	5709409
13	1460212838	1650231857	3638389
12	1460095210	1649841181	3293845
11	1460089357	1649811191	5258122
10	1460089181	1649810718	5258122
9	1460088811	1649809114	5258122
8	1460088707	1649808544	5258122
7	1388409032	1643102502	3293845
6	1388408807	1643101837	3293845
5	1388408789	1643101688	3293845
4	1388408370	1643099937	5709409
3	1388375355	1643017014	5709409
2	1388375341	1643016970	5709409
1	1388375337	1643016954	5709409
0	1388375307	1643016841	5709409
