slug: rpc-531
title: "RPC-531"
tags: ["aggression-hazard", "aquatic-hazard", "gamma", "grouped-hazard", "red", "rpc", "sentient-hazard", "toxic-hazard"]
24	1495306750	1662835701	7810432
23	1413388859	1647330809	7810432
22	1389184667	1646385838	7810432
21	1388796649	1644637397	3672751
20	1388791658	1644613444	7810432
19	1388791613	1644613390	7810432
18	1388791512	1644612858	7810432
17	1388656386	1644072069	7810432
16	1388644573	1644047042	5716946
15	1388628699	1644022431	7810432
14	1388587475	1644018263	7810432
13	1388587438	1644018000	7810432
12	1388587334	1644017325	7810432
11	1388587314	1644017223	7810432
10	1388587248	1644016769	7810432
9	1388587197	1644016364	7810432
8	1388587013	1644014955	7810432
7	1388586909	1644014303	7810432
6	1388586744	1644012783	7810432
5	1388586739	1644012717	7810432
4	1388586252	1644010026	7810432
3	1388586101	1644008949	7810432
2	1388586093	1644008900	7810432
1	1388586089	1644008882	7810432
0	1388586085	1644008848	7810432
