slug: rpc-852
title: "RPC-852"
tags: ["contact-hazard", "corrosive-hazard", "ecological-hazard", "omega", "organic-hazard", "purple", "regenerative-hazard", "rpc", "transmutation-hazard"]
29	1511268308	1686666274	4981794
28	1459940605	1649344303	2818841
27	1459940542	1649344232	2818841
26	1459779817	1649009474	3512728
25	1459779798	1649009328	3512728
24	1459779794	1649009310	3512728
23	1459779792	1649009288	3512728
22	1459779789	1649009275	3512728
21	1459779735	1649009166	3512728
20	1459779708	1649008942	3512728
19	1459779707	1649008931	3512728
18	1459779704	1649008919	3512728
17	1459779700	1649008906	3512728
16	1459779697	1649008892	3512728
15	1459779696	1649008881	3512728
14	1459779691	1649008870	3512728
13	1459779687	1649008846	3512728
12	1459779684	1649008832	3512728
11	1459779683	1649008820	3512728
10	1388694638	1644274673	4426566
9	1388692480	1644263778	2818841
8	1388676923	1644182205	4426566
7	1388676890	1644181995	4426566
6	1388676670	1644181080	4426566
5	1388676361	1644179752	4426566
4	1388676111	1644178433	4426566
3	1388675422	1644174677	4426566
2	1388675391	1644174492	4426566
1	1388674865	1644171858	5716946
0	1388674670	1644171107	4426566
