slug: broader-horizons
title: "Broader Horizons"
tags: ["broaderhorizons2022", "contest"]
29	1496554183	1666234658	5258122
28	1461298845	1653625277	3672751
27	1460034271	1649695342	3952836
26	1436048029	1647662595	5258122
25	1436047957	1647662464	5258122
24	1396716377	1647114168	3952836
23	1392821171	1646815590	1619464
22	1390592810	1646658329	5258122
21	1390592746	1646658148	5258122
20	1390592742	1646658123	5258122
19	1389464023	1646548059	3952836
18	1389016894	1645486269	3672751
17	1389016837	1645486184	3672751
16	1388918068	1645066277	5258122
15	1388917992	1645065941	5258122
14	1388898776	1644977781	3672751
13	1388871781	1644899242	3970162
12	1388866924	1644883879	3970162
11	1388866807	1644882707	3970162
10	1388866753	1644882212	3970162
9	1388866389	1644880629	3970162
8	1388865872	1644878475	3970162
7	1388865862	1644878449	3970162
6	1388865843	1644878409	3970162
5	1388865830	1644878389	3970162
4	1388865695	1644877502	3970162
3	1388865690	1644877480	3970162
2	1388865685	1644877463	3970162
1	1388865683	1644877452	3970162
0	1388865678	1644877398	3970162
