slug: rpc-497
title: "RPC-497"
tags: ["beta", "bio-hazard", "grouped-hazard", "organic-hazard", "red", "regenerative-hazard", "rpc", "sentient-hazard", "transmutation-hazard"]
32	1519336292	1712119309	3050074
31	1509043719	1680197864	7320700
30	1073213587	1586662612	3638389
29	1073213581	1586662590	3638389
28	949067178	1568508567	3638389
27	949067175	1568508543	3638389
26	881080136	1562717594	3638389
25	881080132	1562717574	3638389
24	881080000	1562717108	3638389
23	881079985	1562716937	3638389
22	856118449	1560883637	3638389
21	538983184	1545977630	3442630
20	214018968	1539827264	3638389
19	214017668	1539827137	3638389
18	213510101	1539809694	3952836
17	213262899	1539801960	3952836
16	164710263	1538964331	2976054
15	146716773	1535836001	2773416
14	142134110	1534465950	3442630
13	137599639	1533498399	3638389
12	133377281	1532049879	3442630
11	132835810	1531773201	3442630
10	131958642	1531438538	4142604
9	131795498	1531372828	3442630
8	131727719	1531342038	3442630
7	131613133	1531290502	3442630
6	131610921	1531289263	4346477
5	131610634	1531289096	4346477
4	131265382	1531088826	3646714
3	131182983	1530985618	3442630
2	130884909	1530828782	3442630
1	130871590	1530824037	3442630
0	130857797	1530819850	3442630
