slug: rpc-266-archived
title: "RPC-266-ARC"
tags: ["archived"]
31	1544098220	1779574829	5982545
30	1544098212	1779574778	5982545
29	1544098183	1779574631	5982545
28	1518976680	1710270456	3050074
27	1518976678	1710270435	3050074
26	897909316	1564705244	3118961
25	847843528	1560017991	3638389
24	847843526	1560017979	3638389
23	847237003	1558918513	4558857
22	847236982	1558918420	4558857
21	847236978	1558918395	4558857
20	847236976	1558918384	4558857
19	847236917	1558918171	4558857
18	847236914	1558918150	4558857
17	847236908	1558918090	4558857
16	847236866	1558917918	4558857
15	847232344	1558898731	4558857
14	847231739	1558896400	4558857
13	802018008	1556075659	3952836
12	756772062	1555422461	2241229
11	747670528	1555277215	2280149
10	737305098	1555089903	4558857
9	737302119	1555089834	4558857
8	727981223	1554923512	4558857
7	727981217	1554923490	4558857
6	726162255	1554871777	4558857
5	726159923	1554871725	4558857
4	726159606	1554871696	4558857
3	726158444	1554871645	3952836
2	726076062	1554869842	4558857
1	726019958	1554868488	4558857
0	726018700	1554868426	4558857
