slug: rpc-147
title: "RPC-147"
tags: ["auditory-hazard", "beta", "rpc", "sapient-hazard", "yellow"]
37	1389088366	1645871611	4981794
36	993251383	1575407290	4312903
35	986379051	1574451163	4312903
34	986379007	1574451022	4312903
33	986283570	1574397380	4312903
32	901557791	1565472778	4315330
31	535155998	1545402884	4312903
30	535154846	1545402689	4312903
29	535154172	1545402560	4312903
28	450489865	1543985979	4312903
27	443613145	1543886025	4312903
26	436881523	1543531359	4312903
25	367005745	1541802277	3952836
24	234328826	1540074523	3638389
23	234326596	1540074511	3638389
22	213252169	1539801791	3952836
21	168237139	1539045249	3952836
20	164910418	1538969477	4558857
19	147141054	1536285438	4312903
18	147140793	1536285061	4312903
17	147140495	1536284976	4312903
16	147024951	1536203115	4312903
15	147024550	1536202165	2773416
14	147023984	1536200576	4312903
13	147023951	1536200494	4312903
12	147023441	1536199018	4312903
11	147021984	1536195417	4312903
10	147021979	1536195403	4312903
9	147021911	1536195187	4312903
8	147021790	1536194934	4312903
7	147021785	1536194915	4312903
6	147021763	1536194880	4312903
5	147021724	1536194730	4312903
4	147021721	1536194718	4312903
3	147021718	1536194705	4312903
2	147021682	1536194667	4312903
1	147021603	1536194610	4312903
0	147021595	1536194594	4312903
