slug: badge-guide
title: "Badge Guide"
tags: ["guide"]
16	1388522901	1643776945	3672751
15	1357314464	1604291945	3118961
14	1048443166	1584174997	4981794
13	1048438542	1584163741	6209186
12	1010637534	1575989524	3952836
11	986380977	1574458568	3118961
10	970255920	1571677953	3118961
9	904488102	1566178390	3118961
8	904487180	1566175300	3118961
7	899081202	1564965965	3118961
6	847820898	1559915807	3118961
5	847068376	1558468464	3118961
4	847068119	1558467631	3118961
3	847067890	1558466709	3118961
2	737615142	1555127631	3970162
1	717298550	1554258393	3118961
0	717298315	1554257610	3118961
