slug: draft:orpheusmachine
title: "West Virginia"
tags: []
301	1361728861	1616426813	4518363
300	1361728632	1616426001	6414508
299	1360458608	1615491900	6414508
298	1360267233	1615136190	6414508
297	1360267231	1615136164	6414508
296	1360263104	1615113795	6414508
295	1360252482	1615059327	6414508
294	1360250069	1615049076	6414508
293	1360246614	1615034551	6414508
292	1360246525	1615034008	6414508
291	1360231587	1614962087	6414508
290	1360022366	1613939188	6414508
289	1360015564	1613901804	6414508
288	1360005962	1613851361	6414508
287	1360005958	1613851340	6414508
286	1360005355	1613848915	6414508
285	1360005086	1613848097	6414508
284	1360003204	1613839656	6414508
283	1359498155	1611990480	6414508
282	1359406989	1611595427	6414508
281	1359406735	1611593966	6414508
280	1359406457	1611592446	6414508
279	1359354102	1611337639	6414508
278	1359354053	1611337433	6414508
277	1359105712	1610564553	6414508
276	1358746818	1609244765	6414508
275	1358410294	1607874985	6414508
274	1358172536	1607172305	6414508
273	1358172503	1607172066	6414508
272	1358133532	1607086226	6414508
271	1358133528	1607086211	6414508
270	1358131885	1607078222	6414508
269	1358131378	1607074710	6414508
268	1357912216	1606417641	6414508
267	1357796370	1606068883	6414508
266	1357779173	1605993625	6414508
265	1357754931	1605893578	6414508
264	1357754283	1605891276	6414508
263	1357750178	1605874383	6414508
262	1357750173	1605874372	6414508
261	1357750165	1605874357	6414508
260	1357750161	1605874340	6414508
259	1357750157	1605874325	6414508
258	1357750148	1605874278	6414508
257	1357750147	1605874266	6414508
256	1357750140	1605874220	6414508
255	1357750104	1605874129	6414508
254	1357750097	1605874097	6414508
253	1357750095	1605874082	6414508
252	1357750092	1605874071	6414508
251	1357750085	1605874035	6414508
250	1357750079	1605874011	6414508
249	1357750072	1605873967	6414508
248	1357703656	1605692330	6414508
247	1357692252	1605641159	6414508
246	1357688174	1605627174	6414508
245	1357659391	1605519713	6414508
244	1357559314	1605090113	6414508
243	1357547197	1605039223	6414508
242	1357307441	1604252989	6414508
241	1357307382	1604252844	6414508
240	1357307242	1604252379	6414508
239	1357306368	1604248044	6414508
238	1357304334	1604239148	6414508
237	1357304154	1604238042	6414508
236	1357303702	1604235750	6414508
235	1357302788	1604231253	6414508
234	1357302729	1604230958	6414508
233	1357302657	1604230790	6414508
232	1357123180	1603457554	6414508
231	1357123177	1603457544	6414508
230	1357123173	1603457519	6414508
229	1356632986	1602444989	6414508
228	1356622994	1602429735	6414508
227	1356622987	1602429718	6414508
226	1356622922	1602429473	6414508
225	1356621577	1602426414	6414508
224	1356432683	1602088892	6414508
223	1356432482	1602088493	6414508
222	1356432446	1602088364	6414508
221	1356432345	1602088230	6414508
220	1356432183	1602087623	6414508
219	1356431639	1602086101	6414508
218	1356192946	1601490354	6414508
217	1356192880	1601490134	6414508
216	1356192491	1601489302	6414508
215	1356192006	1601488242	6414508
214	1356191563	1601487444	6414508
213	1356191134	1601486074	6414508
212	1356103730	1601131977	4518363
211	1356103727	1601131963	4518363
210	1356103586	1601131419	4518363
209	1356099802	1601113389	6414508
208	1356098966	1601109652	6414508
207	1356089048	1601065792	6414508
206	1356087117	1601059026	6414508
205	1356086767	1601057555	6414508
204	1356085919	1601053794	6414508
203	1356085897	1601053675	6414508
202	1356085851	1601053593	6414508
201	1356053223	1600966993	6414508
200	1356053213	1600966949	6414508
199	1356053202	1600966915	6414508
198	1356053189	1600966851	6414508
197	1355958772	1600627185	6414508
196	1355958768	1600627168	6414508
195	1355955927	1600615657	6414508
194	1355955803	1600615162	6414508
193	1355955541	1600614591	6414508
192	1355932808	1600537412	6414508
191	1355932452	1600535879	6414508
190	1355932412	1600535625	6414508
189	1355932206	1600534951	6414508
188	1355932056	1600534289	6414508
187	1355931561	1600532818	6414508
186	1355906380	1600458673	6414508
185	1355862531	1600281585	6414508
184	1355862528	1600281568	6414508
183	1355862349	1600280532	6414508
182	1355859623	1600273117	6414508
181	1355859051	1600271000	6414508
180	1355859044	1600270954	6414508
179	1355762206	1600193729	6414508
178	1355761980	1600192750	6414508
177	1355761957	1600192666	6414508
176	1355761947	1600192609	6414508
175	1355761623	1600190950	6414508
174	1355761595	1600190866	6414508
173	1345659955	1600024326	6414508
172	1345659755	1600023713	6414508
171	1345659751	1600023700	6414508
170	1345655948	1600015361	6414508
169	1345655588	1600014675	6414508
168	1345547589	1600012231	6414508
167	1345447730	1600011232	6414508
166	1345360320	1600010347	6414508
165	1345275420	1600009352	6414508
164	1345259347	1600009181	6414508
163	1344930489	1600005746	6414508
162	1344741470	1600003837	6414508
161	1344700583	1600003426	6414508
160	1339511806	1599943186	6414508
159	1339511608	1599942910	6414508
158	1339511221	1599941621	6414508
157	1339511219	1599941607	6414508
156	1329029593	1599672557	6414508
155	1329029457	1599672134	6414508
154	1319402896	1599330317	6414508
153	1319402743	1599330058	6414508
152	1319172405	1599304869	6414508
151	1318703711	1599150856	6414508
150	1318703707	1599150837	6414508
149	1318703450	1599149804	6414508
148	1318703437	1599149725	6414508
147	1318680608	1599055729	6414508
146	1318680576	1599055606	6414508
145	1318680531	1599055374	6414508
144	1318680263	1599054190	6414508
143	1318658890	1598982084	6414508
142	1318631408	1598883017	6414508
141	1318631340	1598882721	6414508
140	1318630945	1598881036	6414508
139	1318630299	1598878238	6414508
138	1318630093	1598877435	6414508
137	1318617642	1598816986	6414508
136	1318617623	1598816854	6414508
135	1318617617	1598816814	6414508
134	1318617613	1598816802	6414508
133	1318617536	1598816342	6414508
132	1318617535	1598816337	6414508
131	1318617534	1598816327	6414508
130	1318613060	1598802102	6414508
129	1318584737	1598691928	6414508
128	1318584734	1598691921	6414508
127	1318584621	1598691868	6414508
126	1318554637	1598607702	6414508
125	1318554593	1598607519	6414508
124	1318554497	1598607440	6414508
123	1318554490	1598607405	6414508
122	1318554485	1598607368	6414508
121	1318554475	1598607327	6414508
120	1318554470	1598607314	6414508
119	1318554465	1598607297	6414508
118	1318554449	1598607229	6414508
117	1318554436	1598607197	6414508
116	1311952251	1597913281	6414508
115	1311952025	1597912297	6414508
114	1311951958	1597911980	6414508
113	1311951894	1597911845	6414508
112	1311951873	1597911756	6414508
111	1311951838	1597911741	6414508
110	1311937120	1597910288	4518363
109	1311925456	1597910185	4518363
108	1311894118	1597909893	4518363
107	1311877647	1597909708	4518363
106	1311874511	1597909646	4518363
105	1311873255	1597909625	4518363
104	1311870296	1597909566	4518363
103	1311666968	1597906492	6414508
102	1311664494	1597906465	6414508
101	1311659906	1597906420	6414508
100	1311655493	1597906379	6414508
99	1311653414	1597906356	6414508
98	1311641706	1597905931	6414508
97	1311641703	1597905915	6414508
96	1311641698	1597905889	6414508
95	1311641638	1597905788	6414508
94	1311506616	1597866512	6414508
93	1311506579	1597866323	6414508
92	1311506577	1597866307	6414508
91	1311506541	1597866262	6414508
90	1311453088	1597754186	4518363
89	1311453071	1597754130	4518363
88	1311453047	1597754029	6414508
87	1311452900	1597753609	6414508
86	1311452811	1597753182	6414508
85	1311451683	1597749131	6414508
84	1311451674	1597749094	6414508
83	1311451610	1597748664	6414508
82	1311449676	1597740798	6414508
81	1311449649	1597740680	6414508
80	1311449072	1597738967	6414508
79	1311448869	1597738509	6414508
78	1311448863	1597738484	6414508
77	1311448785	1597738243	6414508
76	1311448719	1597738021	6414508
75	1311448690	1597737949	6414508
74	1311448685	1597737938	6414508
73	1311448580	1597737630	6414508
72	1311448572	1597737599	6414508
71	1311448492	1597737352	6414508
70	1311448434	1597737061	6414508
69	1311437734	1597693578	6414508
68	1311437694	1597693483	6414508
67	1311436996	1597691826	6414508
66	1311436991	1597691815	6414508
65	1311436958	1597691714	6414508
64	1311436956	1597691708	6414508
63	1311436950	1597691671	6414508
62	1311436443	1597689717	6414508
61	1311436413	1597689593	6414508
60	1311436250	1597688924	6414508
59	1311436227	1597688811	6414508
58	1311425402	1597652585	6414508
57	1311425400	1597652573	6414508
56	1311425110	1597651083	6414508
55	1311425034	1597650741	6414508
54	1311417022	1597610217	6414508
53	1311416424	1597606890	6414508
52	1311415057	1597598587	6414508
51	1311413540	1597591723	6414508
50	1311413390	1597591190	6414508
49	1311413362	1597591061	6414508
48	1311413352	1597591014	6414508
47	1311410704	1597578085	6414508
46	1311410627	1597577770	6414508
45	1311410626	1597577761	6414508
44	1311410444	1597576748	6414508
43	1311410319	1597576319	6414508
42	1311410244	1597576055	6414508
41	1311410147	1597575536	6414508
40	1311410073	1597575363	6414508
39	1311399202	1597523853	6414508
38	1198213231	1591907291	6414508
37	1198213217	1591907219	6414508
36	1198213205	1591907172	6414508
35	1198213119	1591906897	6414508
34	1198213015	1591906293	6414508
33	1198213009	1591906240	6414508
32	1198212550	1591903748	6414508
31	1198212520	1591903500	6414508
30	1198206891	1591884399	6414508
29	1198206837	1591884196	6414508
28	1198206764	1591884017	4518363
27	1198206746	1591883969	6414508
26	1198206577	1591883674	6414508
25	1198206551	1591883589	6414508
24	1198206426	1591883277	6414508
23	1198206264	1591882563	6414508
22	1198191687	1591822087	6414508
21	1198191502	1591821078	6414508
20	1198191494	1591821025	6414508
19	1198191288	1591820480	6414508
18	1198191258	1591820346	6414508
17	1198190729	1591818033	4518363
16	1198190722	1591818008	4518363
15	1198190679	1591817834	4518363
14	1198190667	1591817777	6414508
13	1198190444	1591816754	6414508
12	1198190358	1591816226	6414508
11	1198190014	1591814659	6414508
10	1198189858	1591814220	6414508
9	1198189788	1591814056	6414508
8	1198189523	1591812973	6414508
7	1198189510	1591812882	6414508
6	1198189505	1591812862	6414508
5	1198189402	1591812614	6414508
4	1196910372	1591639674	6414508
3	1196910368	1591639654	6414508
2	1196910314	1591639547	6414508
1	1196910137	1591639268	6414508
0	1196910105	1591639241	6414508
