slug: object-classes
title: "Object Classes"
tags: ["information", "lore"]
69	1532311614	1757984544	5982545
68	1532311433	1757983598	3191742
67	1523254074	1722111697	5982545
66	1523253813	1722109162	3638389
65	1506658128	1674174812	5982545
64	1460780952	1651525643	3672751
63	1386434972	1637337880	1315056
62	1095224904	1589911125	3118961
61	1060571877	1585491170	3118961
60	1034193752	1580047490	3118961
59	1034062096	1579578071	3970162
58	1034003340	1579405050	3118961
57	1034003303	1579405008	3118961
56	1034003290	1579404943	3118961
55	1034003229	1579404793	3118961
54	958289430	1569543878	3118961
53	958142216	1569526783	3118961
52	893326604	1564262095	3638389
51	893326074	1564261815	3970162
50	666680276	1551753631	1315056
49	666638644	1551753167	5208732
48	641449705	1549136591	3118961
47	641449664	1549136509	3118961
46	518294866	1544688879	4105536
45	518294803	1544688652	4105536
44	518294730	1544688553	4105536
43	461402234	1544128052	1315056
42	461335918	1544127624	1315056
41	460930581	1544124691	3646714
40	364085681	1541739693	3970162
39	364085674	1541739671	3970162
38	364043299	1541738993	3970162
37	213869670	1539820922	3207272
36	213140227	1539799748	3952836
35	212596994	1539782972	3207272
34	212584560	1539782741	3207272
33	192598892	1539350529	2773416
32	191418238	1539342038	3207272
31	187901623	1539311014	1315056
30	178457255	1539231962	2068794
29	178455978	1539231929	2068794
28	175869069	1539209324	2773416
27	171031063	1539131908	3207272
26	168670675	1539058138	2773416
25	168150358	1539042331	2773416
24	167801964	1539031256	4105536
23	164815426	1538967362	3646714
22	164107324	1538950717	3646714
21	163894060	1538945640	3646714
20	147838925	1537235772	2068794
19	147145058	1536291161	3646714
18	146907303	1536023237	3646714
17	138616054	1533675189	3207272
16	135682308	1532891099	4240294
15	135681670	1532890974	4240294
14	135657147	1532886433	2773416
13	133660793	1532226153	4240294
12	133621128	1532204251	4312903
11	133607662	1532196327	4240294
10	133607196	1532196000	4240294
9	133607111	1532195977	4240294
8	127766651	1529799601	4240294
7	127762264	1529797135	2773416
6	127544614	1529695269	1948308
5	127322217	1529637715	4240294
4	127318700	1529636924	1574054
3	126346213	1529448971	2773416
2	125387320	1529022121	4240294
1	125387318	1529022108	4240294
0	125234639	1528942435	4240294
