slug: falstv-episode-1-harold-ruins-object-classes
title: "FalsTV Episode 1 - Harold Ruins Object Classes"
tags: ["amazing.co", "comedy", "eoi-tale", "short", "tale", "translated"]
11	1359198208	1610881575	5689914
10	1359198206	1610881564	5689914
9	986204239	1574337176	4393365
8	969989438	1571491359	5731333
7	969552665	1571468681	3638389
6	966845290	1571338466	3118961
5	966844504	1571338439	5731333
4	966841885	1571338351	5731333
3	966836302	1571338155	3118961
2	966830296	1571337918	5731333
1	966826134	1571337749	5731333
0	966815474	1571337325	5731333
