slug: rpc-667
title: "RPC-667"
tags: ["aquatic-hazard", "esoteric-hazard", "gamma", "gd-arch", "ideological-hazard", "mechanical-hazard", "mind-control-hazard", "mind-regression-hazard", "orange", "purple", "rpc", "teleportation-hazard", "top10"]
33	1545609996	1785520164	9678829
32	1530459717	1749599614	5982545
31	1530359151	1748973827	5982545
30	1530119243	1747269983	5982545
29	1530119049	1747267976	5982545
28	1510291369	1684339926	1619464
27	1508035717	1677333357	1619464
26	1507983152	1677098280	1619464
25	1507983117	1677098086	1619464
24	1507983115	1677098052	1619464
23	1507983100	1677097953	1619464
22	1507983095	1677097920	1619464
21	1507983081	1677097858	1619464
20	1311094579	1596521224	5293995
19	1089530624	1589409736	1619464
18	1089530586	1589409659	1619464
17	1089530550	1589409456	1619464
16	1085003975	1589226018	1619464
15	1073707734	1587100380	1619464
14	1051094764	1585314080	5265843
13	933452274	1567556869	3118961
12	871265140	1561599785	1619464
11	871265083	1561599525	4548098
10	841108844	1557936629	1619464
9	841106754	1557936599	1619464
8	841103746	1557936562	1619464
7	841052322	1557935916	1619464
6	824965570	1557010360	3803946
5	807992366	1556734176	3952836
4	807987281	1556722137	1619464
3	807761521	1556713221	1619464
2	807357864	1556688842	3952836
1	807356082	1556683901	1619464
0	807356038	1556683752	1619464
