slug: 001-snadbox
title: "001 Sandbox"
tags: []
84	1519013930	1710480720	6602770
83	1519013849	1710480034	6602770
82	1519013699	1710479265	6602770
81	1518991761	1710348258	6602770
80	1512947051	1691825851	6602770
79	1512828166	1691472429	6602770
78	1512827594	1691469296	6602770
77	1512805778	1691375088	6602770
76	1512805528	1691373671	6602770
75	1512788786	1691302613	6602770
74	1512788774	1691302559	6602770
73	1512788665	1691302311	6602770
72	1512788655	1691302268	6602770
71	1512788595	1691302145	6602770
70	1512787811	1691298951	6602770
69	1512787799	1691298911	6602770
68	1512787785	1691298831	6602770
67	1512741989	1691134106	6602770
66	1512738829	1691121263	6602770
65	1512715988	1691040364	6602770
64	1512714912	1691037854	6602770
63	1512714623	1691037264	6602770
62	1512714576	1691037099	6602770
61	1512714550	1691037018	6602770
60	1512714545	1691037001	6602770
59	1512714532	1691036971	6602770
58	1512543724	1690488065	6602770
57	1512517569	1690398809	6602770
56	1512485415	1690273885	6602770
55	1512423006	1690010477	6602770
54	1512422959	1690010400	6602770
53	1512422955	1690010362	6602770
52	1512422526	1690009281	6602770
51	1512422074	1690007589	6602770
50	1512421918	1690006941	6602770
49	1512421905	1690006897	6602770
48	1512421896	1690006857	6602770
47	1512421844	1690006778	6602770
46	1512421836	1690006746	6602770
45	1512421784	1690006513	6602770
44	1512421721	1690006304	6602770
43	1512421700	1690006216	6602770
42	1512421441	1690005325	6602770
41	1512412231	1689972780	6602770
40	1512401894	1689930641	6602770
39	1512401614	1689929481	6602770
38	1512401552	1689929157	6602770
37	1512401544	1689929123	6602770
36	1512307394	1689563118	6602770
35	1512304084	1689549411	6602770
34	1512304036	1689549141	6602770
33	1512304029	1689549088	6602770
32	1512304022	1689549052	6602770
31	1512303999	1689548916	6602770
30	1512303894	1689548154	6602770
29	1512286856	1689486819	6602770
28	1511353762	1687026601	6602770
27	1511353747	1687026504	6602770
26	1509241989	1680539836	6602770
25	1509241980	1680539792	6602770
24	1509231546	1680493189	6602770
23	1509222646	1680456459	6602770
22	1509134482	1680367106	6602770
21	1509134420	1680366893	6602770
20	1509058674	1680283742	6602770
19	1509058620	1680283514	6602770
18	1509048036	1680228387	6602770
17	1509032961	1680142166	6602770
16	1509027084	1680106856	6602770
15	1509014397	1680041935	6602770
14	1509014320	1680041325	6602770
13	1509014305	1680041227	6602770
12	1509014275	1680040900	6602770
11	1509014262	1680040822	6602770
10	1509014249	1680040754	6602770
9	1509013667	1680037282	6602770
8	1509012488	1680030395	6602770
7	1508946007	1679872735	6602770
6	1508638731	1679164803	6602770
5	1508638535	1679163574	6602770
4	1508638506	1679163362	6602770
3	1508638496	1679163314	6602770
2	1508638419	1679162617	6602770
1	1508344030	1678164216	6602770
0	1508344024	1678164138	6602770
