slug: rpc-071
title: "RPC-071"
tags: ["alpha", "black", "immeasurable-hazard", "rpc", "sapient-hazard", "translated"]
11	1531150977	1753291375	3050074
10	1530175941	1747673104	9487909
9	1530175940	1747673090	9487909
8	1522958111	1720552690	4315330
7	1505542832	1672359035	3437675
6	1362075103	1617723610	3672751
5	1362075093	1617723589	3672751
4	1362075045	1617723524	3672751
3	1084876215	1589053626	3118961
2	1084404853	1588604940	2325809
1	1082886991	1588284937	2325809
0	1080999378	1588265058	2325809
