slug: news-12
title: "Новости - события 2023"
tags: []
25	1517089891	1704057724	754405
24	1517089734	1704057080	754405
23	1517071893	1703970018	754405
22	1516390341	1701378016	754405
21	1516366639	1701291621	754405
20	1515627215	1698786670	754405
19	1515603874	1698699618	754405
18	1514370877	1696107632	754405
17	1514348391	1696021227	754405
16	1513551027	1693516276	754405
15	1513441833	1693429209	754405
14	1512654035	1690837213	754405
13	1512631724	1690750812	754405
12	1511726603	1688158812	754405
11	1511695011	1688072422	754405
10	1510656100	1685566811	754405
9	1510642794	1685480425	754405
8	1509944727	1682888413	754405
7	1509922761	1682802018	754405
6	1509061310	1680296444	754405
5	1509045649	1680210023	754405
4	1508166915	1677618018	754405
3	1508147578	1677531611	754405
2	1507119694	1675198829	754405
1	1507096186	1675112414	754405
0	1505629114	1672521747	754405
