slug: component:amazing-theme
title: "Amazing! Co. Theme"
tags: ["theme"]
90	1523154743	1721593930	5982545
89	370719424	1541890082	4558857
88	208856268	1539492073	3207272
87	208853421	1539492047	3207272
86	197741247	1539397112	3207272
85	197737986	1539397082	3207272
84	187336926	1539305334	3207272
83	185836983	1539292580	3207272
82	185832601	1539292515	3625466
81	185828917	1539292483	3625466
80	185814742	1539292340	3207272
79	185812934	1539292301	3207272
78	185807195	1539292245	3207272
77	185802550	1539292183	3207272
76	185793094	1539292037	3207272
75	178009414	1539227853	4695861
74	177933646	1539227264	4695861
73	177703196	1539225191	3207272
72	177699440	1539225152	3625466
71	177691834	1539225090	3625466
70	177689601	1539225064	3625466
69	177665544	1539224845	3625466
68	177664505	1539224828	3625466
67	177653153	1539224723	3625466
66	177621411	1539224482	3625466
65	177619785	1539224467	3625466
64	177618568	1539224453	3625466
63	177616935	1539224439	3625466
62	177570662	1539224033	3625466
61	177557704	1539223933	3625466
60	177500888	1539223502	3625466
59	177492610	1539223438	3625466
58	177485543	1539223394	3625466
57	177342039	1539222103	3625466
56	177261672	1539221330	3207272
55	177251579	1539221243	3207272
54	177224897	1539220995	3207272
53	177223485	1539220985	4558857
52	177222401	1539220973	4558857
51	177217680	1539220930	3207272
50	177216646	1539220914	3207272
49	177215378	1539220873	3207272
48	177212171	1539220847	3207272
47	177210625	1539220829	3207272
46	177204819	1539220734	4558857
45	177201095	1539220695	3207272
44	177199958	1539220672	3207272
43	177173931	1539220354	3207272
42	177171534	1539220327	3207272
41	177169536	1539220304	3207272
40	177060825	1539219516	3207272
39	177031602	1539219301	3207272
38	177028316	1539219267	3207272
37	177024121	1539219243	3207272
36	177021383	1539219218	3207272
35	176966423	1539218686	3207272
34	176954879	1539218571	3207272
33	176941647	1539218468	3207272
32	176936062	1539218427	3207272
31	176930910	1539218379	3207272
30	176923848	1539218338	3207272
29	176887047	1539218056	3207272
28	176878533	1539217999	3207272
27	176800952	1539217438	3207272
26	176798789	1539217423	3207272
25	176795709	1539217404	3207272
24	176761023	1539217095	3207272
23	176738074	1539216868	3207272
22	176720569	1539216721	3207272
21	176449960	1539214319	3207272
20	176447033	1539214302	3207272
19	176445895	1539214272	3207272
18	176350804	1539213427	3207272
17	176348303	1539213405	3207272
16	176152388	1539211640	3207272
15	176151256	1539211622	3207272
14	176148331	1539211602	3207272
13	176146700	1539211585	3207272
12	176140228	1539211533	3207272
11	176139367	1539211522	3207272
10	176138715	1539211514	3207272
9	176126643	1539211399	3207272
8	176123485	1539211378	3207272
7	176076268	1539210961	3207272
6	176071632	1539210918	3207272
5	176063806	1539210854	3207272
4	176054317	1539210784	3207272
3	176048534	1539210722	3207272
2	176045959	1539210704	3207272
1	176042059	1539210678	3207272
0	176036303	1539210634	3207272
