slug: pcaao-hub
title: "PCAAO Hub"
tags: ["hub", "pcaao"]
21	1518821158	1709753741	3050074
20	1387991344	1641277819	7271260
19	1367424176	1628160222	2947029
18	1367412331	1628093208	7320700
17	1367412311	1628093098	7320700
16	1366783109	1625025653	5293995
15	1365119645	1621033215	7271260
14	1364984307	1620550043	2947029
13	1364980769	1620521987	3118961
12	1364978832	1620508346	2947029
11	1364964956	1620430853	2947029
10	1364962545	1620420737	2947029
9	1364962117	1620418259	3722979
8	1364961933	1620417311	3672751
7	1364961723	1620416459	2947029
6	1364961161	1620414445	2947029
5	1364961141	1620414375	2947029
4	1364960907	1620413571	2947029
3	1364960838	1620413162	2947029
2	1364960297	1620410377	2947029
1	1364959968	1620409208	2947029
0	1364959912	1620409098	2947029
