slug: 001contestbxluyw1lamvmzg
title: "The Wellspring"
tags: ["001c"]
24	1516983518	1703448921	5982545
23	1356693164	1602550842	3672751
22	1356691486	1602548410	3672751
21	835775581	1557794540	4981794
20	434922268	1543467801	3077628
19	434779479	1543466002	3077628
18	434531665	1543463081	3077628
17	139520116	1533929540	3077628
16	139517682	1533929137	3077628
15	139014962	1533789396	4365296
14	138979168	1533779865	3077628
13	138978318	1533779662	3077628
12	138970899	1533777830	3077628
11	138952397	1533773577	3077628
10	138951954	1533773482	3077628
9	138951724	1533773452	3077628
8	138951604	1533773416	3077628
7	138951224	1533773357	3077628
6	138950796	1533773265	3077628
5	138950659	1533773222	3077628
4	138950003	1533773065	3077628
3	138948699	1533772751	3077628
2	138948303	1533772642	3077628
1	138948091	1533772572	3077628
0	138947823	1533772522	3077628
