slug: _csstest
title: "_csstest"
tags: []
23	713836892	1554072680	3118961
22	713834448	1554072595	3118961
21	713804414	1554072128	3118961
20	713794548	1554071997	3118961
19	713789441	1554071886	3118961
18	713788716	1554071863	3118961
17	713787503	1554071761	3118961
16	713785040	1554071712	3118961
15	713784457	1554071702	3118961
14	713781751	1554071651	3118961
13	713781350	1554071643	3118961
12	713780582	1554071593	3118961
11	713777695	1554071519	3118961
10	713775550	1554071488	3118961
9	713774564	1554071475	3118961
8	713769822	1554071411	3118961
7	713768199	1554071392	3118961
6	713761302	1554071238	3118961
5	713752729	1554071097	3118961
4	713729078	1554070665	3118961
3	713703003	1554070307	3118961
2	713692642	1554070183	3118961
1	713691618	1554070172	3118961
0	713686261	1554070109	3118961
