slug: contest:trhcontestbigmark
title: "Them!"
tags: ["trh"]
17	1517004276	1703604836	5982545
16	1142508191	1590454166	5709409
15	1142482313	1590453938	5709409
14	1142468719	1590453834	5709409
13	1141924303	1590449349	3118961
12	1141871702	1590448888	5709409
11	1141823991	1590448356	5709409
10	1141624467	1590446996	5709409
9	1139334400	1590425176	5709409
8	1138295181	1590418108	5709409
7	1132432588	1590382946	4981794
6	1118000973	1590279226	5709409
5	1102948953	1590167918	3952836
4	1096463134	1589963282	5709409
3	1096463122	1589963229	5709409
2	1096463032	1589963051	5709409
1	1096463018	1589963006	5709409
0	1096463015	1589962991	5709409
