slug: tales-by-topic
title: "Tales and Docs by Topic"
tags: ["archived"]
25	1529870864	1746225732	5982545
24	1359859625	1613314910	3118961
23	1288995398	1595796444	3118961
22	1075277105	1587839504	3118961
21	1048443300	1584175538	4981794
20	1048438287	1584163146	6209186
19	847297835	1559131455	3118961
18	801935790	1555963695	3118961
17	801935511	1555963053	3118961
16	801932056	1555954546	3118961
15	801931876	1555953873	3118961
14	801931784	1555953613	3118961
13	801931069	1555952343	3118961
12	801930976	1555952192	3118961
11	801930633	1555951669	3118961
10	801930447	1555951340	3118961
9	801930427	1555951304	3118961
8	801930181	1555950676	3118961
7	801927684	1555946442	3118961
6	801927676	1555946409	3118961
5	801927659	1555946347	3118961
4	801927649	1555946305	3118961
3	801927632	1555946236	3118961
2	801926730	1555943586	3118961
1	801926152	1555942478	3118961
0	801926046	1555942283	3118961
