slug: contest-archive
title: "Contest Archive"
tags: ["hub"]
72	1532058537	1756913412	5982545
71	1531710939	1755895173	5982545
70	1531089151	1752981864	5982545
69	1530997625	1752532715	5982545
68	1530080897	1747016272	5982545
67	1530025931	1746825970	5982545
66	1530025902	1746825778	5982545
65	1529442676	1745193698	5982545
64	1529180584	1744322703	5982545
63	1529180551	1744322243	5982545
62	1525708681	1731276590	5982545
61	1525037734	1728095172	5982545
60	1524564002	1726138648	5982545
59	1523341871	1722519816	5982545
58	1521051528	1719094693	5982545
57	1517491095	1705591329	4433848
56	1517154183	1704410909	5982545
55	1517153996	1704410463	5982545
54	1516957063	1703331299	5982545
53	1516748911	1702696033	5982545
52	1516157021	1700609394	5982545
51	1515913142	1699629369	5982545
50	1515675201	1698962238	5982545
49	1514906175	1697235547	5982545
48	1514905794	1697234505	5982545
47	1514905625	1697234208	5982545
46	1514905618	1697234167	5982545
45	1514905045	1697232248	5982545
44	1514905010	1697232229	5982545
43	1514395858	1696201304	5982545
42	1514395445	1696199550	5982545
41	1514395182	1696198110	5982545
40	1508022840	1677284942	5258122
39	1508022833	1677284915	5258122
38	1508022829	1677284897	5258122
37	1508022825	1677284856	5258122
36	1508022822	1677284823	5258122
35	1496511028	1666056382	3118961
34	1496489795	1665973021	5258122
33	1496489781	1665972964	5258122
32	1496489719	1665972777	5258122
31	1460567875	1650913279	3672751
30	1460567836	1650912929	3672751
29	1460567787	1650912811	3672751
28	1460567727	1650912783	3672751
27	1460567696	1650912631	3672751
26	1460566666	1650907521	7267085
25	1366790043	1625063150	3118961
24	1361242106	1616182111	3118961
23	1360544393	1615743690	3118961
22	1356730877	1602648251	3118961
21	1315184234	1598131860	3118961
20	1289054696	1595797286	3118961
19	1198227713	1591962097	3118961
18	1051034995	1585268513	3118961
17	1050941835	1585057402	3118961
16	1048443318	1584175644	4981794
15	1048438255	1584163059	6209186
14	1035184913	1581718149	3118961
13	1035184907	1581718122	3118961
12	1034255218	1580263919	3118961
11	1033380216	1576970509	3118961
10	986623025	1574858712	3118961
9	986199569	1574318368	4320656
8	984464830	1574032353	4320656
7	977023620	1572795712	3118961
6	961577173	1570129779	3118961
5	961577162	1570129722	3118961
4	802003237	1556047917	3118961
3	802003228	1556047867	3118961
2	801942278	1555983167	3118961
1	801942235	1555983012	3118961
0	801942109	1555982687	3118961
