slug: rpc-939
title: "RPC-939"
tags: ["beta", "contact-hazard", "regenerative-hazard", "rpc", "translated", "transmutation-hazard", "yellow"]
14	1514732521	1696882222	5982545
13	1319169843	1599300054	6264298
12	1215185607	1593323045	6264298
11	1073237959	1586712117	3638389
10	1073237903	1586712105	3638389
9	931480031	1567518482	4735939
8	902097076	1565636605	4735939
7	888225905	1562957485	4583766
6	888225903	1562957472	4583766
5	880398194	1562187042	4735939
4	847687465	1559311669	4981794
3	812908847	1556918093	4735939
2	805563747	1556503873	3952836
1	801942483	1555983797	4735939
0	801942445	1555983643	4735939
