slug: rpc-514
title: "RPC-514"
tags: ["gamma", "grouped-hazard", "organic-hazard", "red", "rpc", "sapient-hazard", "translated"]
12	1496163735	1665168917	6371726
11	1496163733	1665168906	6371726
10	1362076918	1617730475	3672751
9	1362076912	1617730448	3672751
8	1361691456	1616255952	3952836
7	1359106879	1610568351	4558857
6	856058379	1560880866	3638389
5	847232334	1558898703	4558857
4	847231745	1558896434	4558857
3	802004031	1556050494	4548098
2	802004020	1556050443	4548098
1	802003254	1556047994	3803946
0	802001577	1556040728	4558857
