slug: basic-infobox
title: "Basic Infobox"
tags: []
25	1544016355	1779164010	9720100
24	1544016343	1779163886	9720100
23	1544016268	1779163228	9720100
22	1544016199	1779162849	9720100
21	1544016165	1779162498	9720100
20	1544016152	1779162378	9720100
19	1544016144	1779162191	9720100
18	1544016136	1779162153	9720100
17	1544016135	1779162152	9720100
16	1544016134	1779162152	9720100
15	1544016098	1779162087	9720100
14	1544016081	1779161907	9720100
13	1544016023	1779161569	9720100
12	1543380183	1776407798	9720100
11	1543380154	1776407695	9720100
10	1543380137	1776407559	9720100
9	1543380131	1776407508	9720100
8	1543379953	1776406665	9720100
7	1543379912	1776406448	9720100
6	1543379888	1776406265	9720100
5	1543379856	1776406038	9720100
4	1543379848	1776405972	9720100
3	1543379801	1776405589	9720100
2	1543371367	1776356021	9720100
1	1543371336	1776355848	9720100
0	1543371187	1776355187	9720100
