slug: dd-081-codetest
title: "DD-081 Codetest"
tags: []
116	1544586412	1781233092	9720100
115	1544586383	1781232891	9720100
114	1544586265	1781231966	9720100
113	1544579800	1781192091	9720100
112	1544579760	1781191903	9720100
111	1544542611	1781020940	9720100
110	1544542530	1781020679	9720100
109	1544542421	1781020313	9720100
108	1544542351	1781020196	9720100
107	1544542228	1781019769	9720100
106	1544542178	1781019657	9720100
105	1544542098	1781019397	9720100
104	1544467706	1780716225	9720100
103	1544467543	1780715564	9720100
102	1544418217	1780472116	9720100
101	1544418202	1780472009	9720100
100	1544418188	1780471886	9720100
99	1544418168	1780471713	9720100
98	1544418157	1780471656	9720100
97	1544418146	1780471541	9720100
96	1544418124	1780471306	9720100
95	1544417990	1780470664	9720100
94	1544416359	1780459871	9720100
93	1544416306	1780459442	9720100
92	1544416206	1780458844	9720100
91	1544415896	1780457350	9720100
90	1544415514	1780455546	9720100
89	1544414872	1780452086	9720100
88	1544414698	1780451318	9720100
87	1544414548	1780450340	9720100
86	1544401561	1780386128	9720100
85	1544377917	1780285514	9720100
84	1544377799	1780285281	9720100
83	1544365977	1780243235	9720100
82	1544365724	1780242520	9720100
81	1544365681	1780242362	9720100
80	1544178154	1779894641	9720100
79	1544149027	1779797385	9720100
78	1544148982	1779797227	9720100
77	1544148643	1779795982	9720100
76	1544148140	1779793857	9720100
75	1544132672	1779724129	9720100
74	1544132586	1779723806	9720100
73	1544132547	1779723734	9720100
72	1544130424	1779717734	9720100
71	1544057258	1779378980	9720100
70	1544057154	1779378279	9720100
69	1544057125	1779378144	9720100
68	1544057099	1779378003	9720100
67	1544057025	1779377782	9720100
66	1544056850	1779377134	9720100
65	1544019418	1779183628	9720100
64	1544019342	1779183243	9720100
63	1544019331	1779183163	9720100
62	1544019300	1779182941	9720100
61	1544019283	1779182742	9720100
60	1544019055	1779181307	9720100
59	1543994841	1779033774	9720100
58	1543994694	1779033299	9720100
57	1543993926	1779030052	9720100
56	1543993672	1779028673	9720100
55	1543834867	1778427984	9720100
54	1543834802	1778427656	9720100
53	1543834797	1778427604	9720100
52	1543833997	1778424615	9720100
51	1543817448	1778346764	9720100
50	1543817433	1778346696	9720100
49	1543817380	1778346401	9720100
48	1543817350	1778346278	9720100
47	1543817235	1778345748	9720100
46	1543816317	1778342513	9720100
45	1543559959	1777136724	9720100
44	1543559737	1777135163	9720100
43	1543559694	1777134934	9720100
42	1543559664	1777134742	9720100
41	1543559656	1777134682	9720100
40	1543559639	1777134577	9720100
39	1543559622	1777134468	9720100
38	1543559529	1777134024	9720100
37	1543559362	1777133062	9720100
36	1543552522	1777107255	9720100
35	1543552368	1777106613	9720100
34	1543552012	1777105160	9720100
33	1543551953	1777104941	9720100
32	1543498754	1776873107	9720100
31	1543498724	1776872963	9720100
30	1543498716	1776872896	9720100
29	1543498641	1776872513	9720100
28	1543498593	1776872302	9720100
27	1543498553	1776872076	9720100
26	1543498541	1776872020	9720100
25	1543498485	1776871878	9720100
24	1543498463	1776871780	9720100
23	1543498420	1776871600	9720100
22	1543498378	1776871433	9720100
21	1543498364	1776871356	9720100
20	1543498297	1776870996	9720100
19	1543498247	1776870820	9720100
18	1543498197	1776870670	9720100
17	1543498178	1776870605	9720100
16	1543498062	1776870391	9720100
15	1543498047	1776870330	9720100
14	1543497998	1776870126	9720100
13	1543487039	1776825640	9720100
12	1543486925	1776824855	9720100
11	1543486906	1776824670	9720100
10	1543486892	1776824504	9720100
9	1543486876	1776824334	9720100
8	1543486811	1776824105	9720100
7	1543486803	1776824022	9720100
6	1543486724	1776823932	9720100
5	1543486712	1776823790	9720100
4	1543486682	1776823643	9720100
3	1543486663	1776823452	9720100
2	1543486655	1776823427	9720100
1	1543486637	1776823321	9720100
0	1543486615	1776823137	9720100
