slug: nav:side
title: "Side Navigation"
tags: []
59	1518698689	1709280585	8285008
58	1518698683	1709280560	8285008
57	1513735926	1693959813	6602770
56	1513251253	1692822634	6602770
55	1511291913	1686783219	6602770
54	1511009345	1685937477	6602770
53	1509736755	1682311167	6602770
52	1509736747	1682311131	6602770
51	1509736553	1682310508	6602770
50	1509736540	1682310445	6602770
49	1509736501	1682310126	6602770
48	1509736496	1682310078	6602770
47	1509736483	1682309955	6602770
46	1509736472	1682309874	6602770
45	1509736368	1682309111	6602770
44	1509736316	1682308863	6602770
43	1509736190	1682307908	6602770
42	1508698104	1679274201	6602770
41	1508407395	1678475989	6602770
40	1506438496	1673384563	6602770
39	1506433944	1673372160	6602770
38	1506433942	1673372143	6602770
37	1506431823	1673368400	6602770
36	1506253317	1672699469	6602770
35	1506253283	1672699419	6602770
34	1506253261	1672699273	6602770
33	1506253245	1672699195	6602770
32	1506253222	1672699064	6602770
31	1506234919	1672627007	6602770
30	1506234915	1672626982	6602770
29	1506234878	1672626733	6602770
28	1505227980	1671460242	6602770
27	1505209918	1671385008	6602770
26	1505209807	1671384800	6602770
25	1505209799	1671384698	6602770
24	1498058744	1670361886	6602770
23	1498033967	1670266845	6602770
22	1497905875	1669732023	6602770
21	1497898285	1669704218	6602770
20	1497898008	1669702601	6602770
19	1497898001	1669702570	6602770
18	1497897996	1669702544	6602770
17	1497897613	1669700486	6602770
16	1497897569	1669700173	6602770
15	1497897527	1669699863	6602770
14	1497897438	1669699462	6602770
13	1497897401	1669699286	6602770
12	1497897373	1669699096	6602770
11	1497363285	1668313874	6602770
10	1497363197	1668313571	6602770
9	1497130274	1667446653	6602770
8	1497046636	1667141069	6602770
7	1497046631	1667141050	6602770
6	1496910980	1666761212	6602770
5	1496617889	1666374080	6602770
4	1496617819	1666373765	6602770
3	1496617713	1666373503	6602770
2	1496617645	1666373301	6602770
1	1387393496	1639086446	6602770
0	1387389439	1639060388	6602770
