slug: the-archive
title: "The Files Archive"
tags: []
28	1527514087	1738297726	6602770
27	1518269008	1708014905	6602770
26	1518033910	1707137680	6602770
25	1513360119	1693195946	6602770
24	1511765367	1688269055	6602770
23	1511280940	1686731217	6602770
22	1510902533	1685772860	6602770
21	1509547770	1681676200	6602770
20	1509481051	1681536112	6602770
19	1508625931	1679113441	6602770
18	1508338555	1678125823	6602770
17	1508131727	1677475545	6602770
16	1506399440	1673243675	6602770
15	1506232798	1672614686	6602770
14	1497910926	1669758877	6602770
13	1497314575	1668145475	6602770
12	1495847235	1664324831	6602770
11	1479847182	1660103921	6602770
10	1479847046	1660103188	6602770
9	1479847002	1660102810	6602770
8	1479846669	1660101696	6602770
7	1479661177	1659823239	6602770
6	1479660996	1659822136	6602770
5	1479660982	1659822018	6602770
4	1479660975	1659821968	6602770
3	1479660964	1659821876	6602770
2	1479660912	1659821554	6602770
1	1387424894	1639157610	6602770
0	1387424886	1639157547	6602770
