slug: lab:airglow
title: ""
tags: []
53	86600726	1500575676	2278265
52	79022413	1480778246	2278265
51	79022409	1480778209	2278265
50	76614526	1469570015	2278265
49	76614523	1469569997	2278265
48	76359207	1468140700	2278265
47	75646310	1464632497	2278265
46	75624341	1464492313	2278265
45	75623347	1464482383	2278265
44	75507313	1463967517	2278265
43	75507202	1463966592	2278265
42	75507200	1463966554	2278265
41	70497297	1459141000	2278265
40	70495897	1459138799	2278265
39	70495895	1459138788	2278265
38	70495894	1459138773	2278265
37	70495841	1459138760	2278265
36	70495838	1459138744	2278265
35	70495835	1459138728	2278265
34	70495834	1459138715	2278265
33	70495830	1459138698	2278265
32	70495793	1459138685	2278265
31	70495791	1459138669	2278265
30	70495735	1459138640	2278265
29	70298912	1458889962	2278265
28	70295547	1458887092	2278265
27	70295545	1458887072	2278265
26	70290382	1458882497	2278265
25	70289524	1458881651	2278265
24	70289380	1458881560	2278265
23	70288724	1458880858	2278265
22	70288721	1458880840	2278265
21	70288089	1458880372	2278265
20	70235355	1458827543	2278265
19	70231605	1458825414	2278265
18	70229784	1458824427	2278265
17	70227591	1458823054	2278265
16	70227433	1458822921	2278265
15	70226806	1458822416	2278265
14	70226693	1458822262	2278265
13	70226295	1458821978	2278265
12	70225910	1458821583	2278265
11	70202144	1458800184	2278265
10	70201828	1458799930	2278265
9	70201130	1458799204	2278265
8	70198568	1458795893	2278265
7	70198454	1458795834	2278265
6	70197617	1458795059	2278265
5	70197072	1458794781	2278265
4	70196937	1458794669	2278265
3	70196843	1458794483	2278265
2	70194785	1458791892	2278265
1	70193987	1458791027	2278265
0	70193103	1458790074	2278265
