slug: draft:the-ordinary
title: "Обычный черновик"
tags: []
143	1514593266	1696617436	5206754
142	1513646562	1693577059	5206754
141	1513646470	1693576752	5206754
140	1513559662	1693554497	5206754
139	1513549239	1693510200	5206754
138	1513438397	1693421243	5206754
137	1513404118	1693342591	5206754
136	1513385800	1693257052	5206754
135	1513385496	1693255250	5206754
134	1513297906	1692959600	5206754
133	1366653631	1624568243	5206754
132	1366653611	1624568113	5206754
131	1366653574	1624567913	5206754
130	1366652607	1624563543	5206754
129	1366652343	1624562156	5206754
128	1366652321	1624562055	5206754
127	1366652185	1624561193	5206754
126	1366647858	1624543363	5206754
125	1366629138	1624492039	5206754
124	1366629094	1624491788	5206754
123	1366629069	1624491672	5206754
122	1366609468	1624401455	5206754
121	1366609449	1624401302	5206754
120	1366609290	1624400424	5206754
119	1366594054	1624315999	5206754
118	1366578578	1624227643	5206754
117	1366561708	1624144970	5206754
116	1366541150	1624054443	5206754
115	1366541025	1624053932	5206754
114	1366506190	1623883503	5206754
113	1366488697	1623800517	5206754
112	1366473819	1623706137	5206754
111	1366406272	1623458146	5206754
110	1366405922	1623456510	5206754
109	1364826971	1619901567	5206754
108	1364726056	1619497134	5206754
107	1359631546	1612623451	5206754
106	1359617526	1612553317	5206754
105	1359562381	1612294040	5206754
104	1359542940	1612208108	5206754
103	1359524534	1612121314	5206754
102	1359507990	1612036393	5206754
101	1359489834	1611947586	5206754
100	1359442164	1611775624	5206754
99	1359424862	1611688492	5206754
98	1359334691	1611258728	5206754
97	1359278587	1611175200	5206754
96	1359251691	1611088926	5206754
95	1359071462	1610483702	5206754
94	1359021161	1610306091	5206754
93	1358489629	1608232458	5206754
92	1358346470	1607628260	5206754
91	1358220030	1607283952	5206754
90	1358220009	1607283865	5206754
89	1358002854	1606678620	5206754
88	1357956351	1606505593	5206754
87	1357714582	1605728050	5206754
86	1357692557	1605642013	5206754
85	1357670128	1605554556	5206754
84	1357648791	1605468650	5206754
83	1357648447	1605467048	5206754
82	1357622956	1605382970	5206754
81	1357603272	1605302909	5206754
80	1357601637	1605296899	5206754
79	1357583612	1605207901	5206754
78	1357567573	1605122422	5206754
77	1357545796	1605034795	5206754
76	1357522183	1604950021	5206754
75	1357522159	1604949927	5206754
74	1357420821	1604690341	5206754
73	1357391841	1604602607	5206754
72	1357373437	1604517287	5206754
71	1357350225	1604462197	5206754
70	1357344051	1604428753	5206754
69	1357344047	1604428731	5206754
68	1357336748	1604395286	5206754
67	1357334776	1604388071	5206754
66	1357326981	1604344710	5206754
65	1357326923	1604344542	5206754
64	1357326911	1604344450	5206754
63	1357318879	1604315492	5206754
62	1357317351	1604309224	5206754
61	1357308537	1604257887	5206754
60	1357308521	1604257829	5206754
59	1357277344	1604095177	5206754
58	1357261621	1604037863	5206754
57	1357254933	1603997531	5206754
56	1357245085	1603959416	5206754
55	1357230701	1603885611	5206754
54	1357230618	1603885182	5206754
53	1357187418	1603699853	5206754
52	1357177743	1603652891	5206754
51	1357170451	1603624012	5206754
50	1357145813	1603566022	5206754
49	1357138392	1603540189	5206754
48	1357129417	1603489407	5206754
47	1357128238	1603480955	5206754
46	1357120642	1603445706	5206754
45	1357106967	1603392265	5206754
44	1357094382	1603386416	5206754
43	1357031391	1603307205	5206754
42	1357027256	1603296834	5206754
41	1357020500	1603274024	5206754
40	1357019608	1603270251	5206754
39	1357019578	1603270093	5206754
38	1356659848	1602490031	5206754
37	1356657804	1602482877	5206754
36	1356657795	1602482823	5206754
35	1048077057	1583431351	5206754
34	1048067531	1583407828	5206754
33	1048059654	1583388526	5206754
32	1047985898	1583204235	5206754
31	1047978458	1583171776	5206754
30	1047978427	1583171679	5206754
29	1047597843	1583153392	5206754
28	1047591826	1583135691	5206754
27	1047591804	1583135628	5206754
26	1035180644	1581703051	5206754
25	1035178123	1581693791	5206754
24	1035141867	1581570071	5206754
23	1034681545	1581272107	5206754
22	1034681542	1581272092	5206754
21	1034679125	1581264777	5206754
20	1034679078	1581264615	5206754
19	1034678970	1581264445	5206754
18	1034678957	1581264381	5206754
17	1034677782	1581260691	5206754
16	1034677621	1581260154	5206754
15	1034111175	1579754128	5206754
14	1034101499	1579718174	5206754
13	1034088047	1579673048	5206754
12	1034087514	1579671517	5206754
11	1034017327	1579460068	5206754
10	1034015968	1579455055	5206754
9	1033994298	1579369469	5206754
8	1033941986	1579195593	5206754
7	1033861707	1578851681	5206754
6	1033846151	1578776196	5206754
5	1033844339	1578768701	5206754
4	1033778827	1578597422	5206754
3	1033759851	1578511651	5206754
2	1033748507	1578469689	5206754
1	1033721979	1578338789	5206754
0	1033721647	1578337416	5206754
