slug: halloweenentrylogangreenjeans
title: "Logangreenjeans's Photo"
tags: ["archived", "halloweenphoto"]
14	1532056286	1756910859	5982545
13	1532056140	1756910736	5982545
12	1034683227	1581277937	3118961
11	559112210	1546470377	3118961
10	367025749	1541825952	3970162
9	294377622	1540568611	3207272
8	262116446	1540339918	3478027
7	249937897	1540238980	3478027
6	249929157	1540238908	3478027
5	249913828	1540238817	3478027
4	249910053	1540238788	3478027
3	246236381	1540209455	3478027
2	246231467	1540209416	3478027
1	246216290	1540209263	3478027
0	246213392	1540209229	3478027
