slug: rpc-083
title: "RPC-083"
tags: ["alpha", "bio-hazard", "contact-hazard", "grouped-hazard", "orange", "rpc", "translated"]
17	1530176043	1747673881	9487909
16	1530176040	1747673818	9487909
15	1358644141	1608752009	5982545
14	1358644133	1608751926	5982545
13	1356120540	1601214975	5689914
12	1319415563	1599355777	6264298
11	1311108569	1596588013	6264298
10	1073100951	1586306700	3638389
9	1073100947	1586306687	3638389
8	1047018241	1582830811	4315330
7	949062741	1568507138	4583766
6	949062738	1568507118	4583766
5	808066296	1556876807	5139062
4	802058759	1556152738	3567100
3	649647714	1550628047	3952836
2	645190858	1550435717	2773416
1	645189783	1550432892	5139062
0	645189706	1550432619	5139062
