slug: database:other-notes
title: "Служебные записки и сообщения"
tags: ["База_Знаний", "ВИК"]
21	1360570193	1615881891	6037747
20	1360570144	1615881780	6037747
19	1357363703	1604487202	6539096
18	1357363629	1604486931	6539096
17	1357356335	1604479085	4518363
16	1355996609	1600788053	4518363
15	1311118510	1596633420	2679482
14	1311118388	1596632806	2679482
13	1311117883	1596630901	2679482
12	1311117879	1596630884	2679482
11	1311117859	1596630816	2679482
10	1311117857	1596630803	2679482
9	1311117851	1596630783	2679482
8	1311117844	1596630735	2679482
7	1311117833	1596630709	2679482
6	1311117830	1596630686	2679482
5	1198157422	1591692399	4518363
4	1073357520	1586782655	4518363
3	1073081760	1586253589	2679482
2	1073081729	1586253449	2679482
1	1073081703	1586253348	2679482
0	1073081438	1586252684	2679482
