slug: news-6
title: "Новости - события 2017"
tags: []
27	94990917	1514754686	754405
26	94990830	1514754671	754405
25	94657899	1514667617	754405
24	94287396	1514581432	754405
23	92676859	1512075629	754405
22	92638785	1511989239	754405
21	91381374	1509483617	754405
20	91322580	1509397234	754405
19	89945320	1506805210	754405
18	89904065	1506719011	754405
17	88557342	1504213243	754405
16	88543830	1504190024	754405
15	86967782	1501534822	754405
14	86931543	1501448417	754405
13	85695709	1498856410	754405
12	85651482	1498770021	754405
11	84402081	1496264430	754405
10	84362862	1496178012	754405
9	83015515	1493586022	754405
8	82984130	1493501641	754405
7	82984127	1493501587	754405
6	81740764	1490994018	754405
5	81709884	1490907635	754405
4	80928300	1488315623	754405
3	80908433	1488229213	754405
2	80231311	1485897752	754405
1	80198014	1485811350	754405
0	79561582	1483219992	754405
