slug: vatican-primacy-format
title: "Vatican Primacy Format"
tags: ["format", "information", "vssp"]
19	1513109963	1692478443	3050074
18	1513019172	1692123815	5982545
17	1462142694	1655668974	3638389
16	1462142687	1655668940	5258122
15	1462142684	1655668926	5258122
14	1461349970	1653870763	4870061
13	1459880302	1649214539	4870061
12	1459878808	1649206797	4870061
11	1459798747	1649118439	4870061
10	1459785030	1649043748	4870061
9	1459783006	1649031195	4870061
8	1459782935	1649030645	4870061
7	1459782894	1649030285	4870061
6	1459782892	1649030263	4870061
5	1459782887	1649030232	4870061
4	1459782885	1649030221	4870061
3	1459782882	1649030206	4870061
2	1459782881	1649030192	4870061
1	1459782869	1649030122	4870061
0	1459782865	1649030101	4870061
