slug: grp-424-installed-humanity
title: "GRP-424 — \"Installed Humanity\""
tags: ["aggression-hazard", "animated-hazard", "beta", "cosmic-embers", "document", "grp", "mechanical-hazard", "orange", "sapient-hazard"]
22	1530135980	1747402616	3293845
21	1518260689	1707982425	4846863
20	1508119021	1677423223	5258122
19	1508073241	1677394575	5258122
18	1506803498	1674461476	4846863
17	1475631866	1656780213	3118961
16	1462102576	1655597523	5258122
15	1460212889	1650232013	3638389
14	1460095245	1649841363	3293845
13	1460089371	1649811245	5258122
12	1460089178	1649810709	5258122
11	1460088921	1649809656	5258122
10	1460088824	1649809199	5258122
9	1460088708	1649808557	5258122
8	1460038448	1649713530	5258122
7	1460038360	1649713077	4846863
6	1460038114	1649711543	5258122
5	1460038077	1649711489	5258122
4	1460038050	1649711329	5258122
3	1460024750	1649662538	4846863
2	1460024745	1649662522	5352824
1	1460024730	1649662440	4846863
0	1460024500	1649661571	5352824
