slug: rpc-619
title: "RPC-619"
tags: ["alpha", "extreme-temperature-hazard", "mi13", "red", "rpc", "sentient-hazard", "translated", "visual-hazard"]
20	1541695985	1769863327	9487909
19	1541695980	1769863306	9487909
18	1541695334	1769861104	4330657
17	1541695284	1769860886	4330657
16	1515106550	1697563511	8622928
15	1515105494	1697559680	8622928
14	1514548678	1696502907	4981794
13	1514548619	1696502778	4981794
12	1514548614	1696502763	4981794
11	1514548605	1696502749	4981794
10	1514548603	1696502735	4981794
9	1514548599	1696502721	4981794
8	1514548595	1696502706	4981794
7	1506346363	1673054177	2818841
6	1505540471	1672344812	2818841
5	1505539813	1672340817	2818841
4	1479157142	1658319637	2818841
3	1462047110	1655440975	3118961
2	1460092390	1649827126	5716946
1	1460042194	1649733091	4981794
0	1460034564	1649696392	2818841
