slug: fragment:880-1
title: "RPC-880"
tags: []
15	1544352874	1780207165	7013424
14	1531311603	1753988168	4433848
13	1514548386	1696502317	4981794
12	1514548265	1696502083	4981794
11	1474683166	1656708682	3672751
10	1462100220	1655588228	3118961
9	1461626377	1654450953	4433848
8	1461625825	1654448989	4433848
7	1461625778	1654448777	4433848
6	1461625719	1654448635	4433848
5	1461625622	1654448328	4433848
4	1461239202	1653556748	4433848
3	1461238843	1653555565	4433848
2	1460037989	1649711109	4433848
1	1460034866	1649697483	4433848
0	1460034808	1649697186	4433848
