slug: feed
title: "Feed"
tags: ["cosmic-embers", "tale", "translated"]
15	1530807722	1751569886	3293845
14	1530807718	1751569863	3293845
13	1529410030	1745056199	3293845
12	1508119423	1677424091	5258122
11	1508073348	1677394927	5258122
10	1507720900	1676494181	3293845
9	1506451347	1673436846	3293845
8	1506298789	1672871322	3293845
7	1505464925	1672153795	5689914
6	1505464921	1672153780	5689914
5	1497066651	1667214733	3293845
4	1460325901	1650387844	3293845
3	1460212753	1650231646	3638389
2	1460113801	1649928932	5258122
1	1460112588	1649922556	3293845
0	1460112582	1649922520	3293845
