slug: rpc-872
title: "RPC-872"
tags: ["electromagnetic-force-hazard", "gamma", "pcaao", "rpc", "sentient-hazard", "white"]
17	1518365236	1708404699	2947029
16	1514548011	1696501752	4981794
15	1514547947	1696501707	4981794
14	1514457181	1696350453	7267085
13	1513718078	1693875425	7267085
12	1496485118	1665950089	5982545
11	1495931807	1664586625	7267085
10	1460125692	1649985461	7267085
9	1460125571	1649984841	7267085
8	1460125560	1649984795	7267085
7	1460125528	1649984618	7267085
6	1460125509	1649984467	7267085
5	1460125446	1649983873	7267085
4	1460125351	1649983306	7267085
3	1460125003	1649981131	7267085
2	1460124884	1649980408	7267085
1	1460124595	1649977979	7267085
0	1460124576	1649977866	7267085
