slug: rpc-005
title: "RPC-005"
tags: ["aggression-hazard", "aquatic-hazard", "auditory-hazard", "extra-dimensional-hazard", "gamma", "mind-control-hazard", "red", "remake", "rpc", "sapient-hazard", "top10", "translated"]
29	1542712233	1773696737	10197776
28	1527143405	1736211429	9487909
27	1525967112	1732488247	5982545
26	1515999635	1699991705	7320700
25	1514584442	1696590602	5982545
24	1506707517	1674338706	6371726
23	1505628373	1672515864	3638389
22	1496270234	1665574796	6371726
21	1480059370	1660651273	7271260
20	1474682172	1656707424	3638389
19	1462040945	1655420458	3992967
18	1462039467	1655415535	3992967
17	1462037583	1655409739	3992967
16	1460871958	1651785395	3672751
15	1460871949	1651785314	3672751
14	1460665510	1651206920	5716946
13	1460665465	1651206881	5716946
12	1460665434	1651206851	5716946
11	1460665425	1651206808	5716946
10	1460665414	1651206762	5716946
9	1460645467	1651156288	3992967
8	1460645448	1651156171	3992967
7	1460645433	1651156101	3992967
6	1460645391	1651156036	3992967
5	1460645373	1651155977	3992967
4	1460645352	1651155910	3992967
3	1460645335	1651155885	3992967
2	1460645324	1651155831	3992967
1	1460642965	1651149441	3992967
0	1460642618	1651148240	3992967
