slug: dr-pierson-s-author-page
title: ""
tags: ["author-page"]
15	1364212812	1618998570	2776183
14	1364211461	1618998376	2776183
13	1364210152	1618998233	2776183
12	1363736550	1618947588	2776183
11	1363729848	1618946881	2776183
10	986468000	1574803805	2776183
9	986467995	1574803779	2776183
8	986467991	1574803759	2776183
7	986467978	1574803648	2776183
6	986467125	1574799144	2776183
5	986466599	1574796839	2776183
4	986466422	1574795969	2776183
3	986400332	1574558136	2776183
2	986400330	1574558127	2776183
1	986400244	1574557395	2776183
0	986400221	1574557108	2776183
