slug: rpc-917
title: "RPC-917"
tags: ["ballistic-hazard", "below-zero", "climatological-hazard", "co-authored", "extreme-temperature-hazard", "mechanical-hazard", "omega", "purple", "regenerative-hazard", "rpc", "sapient-hazard", "translated", "utility"]
62	1528075036	1740406444	9487909
61	1528075027	1740406395	9487909
60	1509927363	1682829524	3050074
59	1367375498	1627907302	4318134
58	1358904332	1609905126	3118961
57	1358904185	1609904009	3118961
56	1318458542	1598338734	4318134
55	1318458529	1598338694	4318134
54	1273661954	1595557460	3118961
53	1226493044	1594509089	3118961
52	1198188411	1591809270	4318134
51	1196907923	1591632362	1959500
50	1034050176	1579530840	3118961
49	1034018978	1579466171	4318134
48	1033532832	1577571965	1959500
47	1009978115	1575946203	3167282
46	1009978112	1575946174	3167282
45	1000308438	1575590386	4318134
44	994457019	1575481485	2776183
43	994457013	1575481412	4318134
42	994457007	1575481393	4318134
41	994456923	1575480743	4318134
40	994456920	1575480696	4318134
39	993252496	1575417720	4318134
38	993251687	1575409663	4318134
37	990762499	1575319242	4318134
36	990178812	1575287597	4318134
35	990178032	1575287499	4318134
34	990176533	1575287472	4318134
33	990174029	1575287420	4318134
32	989833964	1575259878	4318134
31	988607239	1575198821	1959500
30	988606770	1575197474	1959500
29	988606750	1575197418	1959500
28	988238612	1575179745	4318134
27	988225525	1575179140	4318134
26	988225207	1575179113	4318134
25	988225118	1575179021	4318134
24	987058348	1574919557	4318134
23	986439947	1574739530	4318134
22	986439833	1574737860	4318134
21	986439698	1574737080	4318134
20	986439651	1574736383	4318134
19	986439160	1574731394	4318134
18	986439153	1574731334	4318134
17	986419810	1574662002	4318134
16	986419798	1574661942	4318134
15	986419786	1574661880	4318134
14	986419659	1574661282	1959500
13	986417776	1574649100	3118961
12	986417344	1574645098	4318134
11	986417340	1574645043	4318134
10	986417235	1574644336	4318134
9	986417188	1574643790	4318134
8	986417149	1574643683	4318134
7	986416937	1574642625	4318134
6	986416927	1574642353	4318134
5	986416912	1574642079	4318134
4	986416773	1574640453	3118961
3	986416768	1574640413	3118961
2	986416765	1574640379	3118961
1	986416759	1574640320	3118961
0	986416743	1574640177	4318134
