slug: robert-d-seidman
title: "Dr. Robert D. Seidman"
tags: ["document", "personnel", "translated"]
13	1388441836	1643284812	7271260
12	1357515410	1604918336	6264298
11	1285024661	1595737093	6264298
10	1084492730	1588732353	6264298
9	1075276420	1587837083	3118961
8	1034682940	1581276839	3118961
7	899086748	1564985615	3638389
6	899085639	1564983269	3638389
5	737439977	1555095958	3919635
4	734097102	1555038915	3952836
3	734064621	1555038483	3919635
2	734062005	1555038436	3919635
1	734053895	1555038321	3919635
0	734049624	1555038266	3919635
