slug: rpc-956
title: "RPC-956"
tags: ["destabilization-hazard", "digital-hazard", "emotional-hazard", "extra-dimensional-hazard", "gamma", "grouped-hazard", "immeasurable-hazard", "info-hazard", "orange", "rpc"]
22	1542490000	1772917525	5982545
21	1542444717	1772716639	5982545
20	1542435663	1772685891	6371726
19	1542435658	1772685873	6371726
18	1361691549	1616256589	3952836
17	1073238611	1586712480	3638389
16	1073238557	1586712469	3638389
15	956777134	1569256796	2930589
14	956777090	1569256772	2930589
13	893328126	1564262781	3638389
12	893328074	1564262766	3638389
11	893328020	1564262754	3638389
10	888225995	1562957586	4583766
9	888225982	1562957570	4583766
8	856090912	1560882093	3638389
7	652767272	1551494598	1315056
6	538880324	1545849051	2773416
5	535520834	1545450237	1315056
4	534304895	1545361704	1315056
3	534298475	1545360364	1315056
2	534291424	1545359001	1315056
1	534291082	1545358927	1315056
0	534290777	1545358885	1315056
