slug: rpc-480
title: "RPC-480"
tags: ["beta", "rpc", "sapient-hazard", "temporal-hazard", "white"]
18	1462036748	1655406720	3118961
17	1388346432	1642831515	4981794
16	1073175345	1586542212	3992967
15	1033712057	1578294047	3992967
14	1033712049	1578293978	3992967
13	900876329	1565189286	2771478
12	856118521	1560883689	3638389
11	852547187	1560693125	3992967
10	719108806	1554401530	3992967
9	580005415	1546972778	3992967
8	580004786	1546972765	3992967
7	537105563	1545493095	3118961
6	534752904	1545380619	3992967
5	534325435	1545365799	3992967
4	534312636	1545363328	3992967
3	534312635	1545363320	2947029
2	534312206	1545363244	3992967
1	534312141	1545363217	3992967
0	534312132	1545363194	3992967
