slug: archive:object-classification
title: "Классификация объектов"
tags: []
29	1362297803	1618492212	4518363
28	1357848100	1606237734	4518363
27	1311990003	1598045117	4518363
26	1311989929	1598044800	4518363
25	1073674990	1587021523	4518363
24	1073674756	1587020978	4518363
23	1073063507	1586202988	4518363
22	1050756832	1584616509	4518363
21	1050756825	1584616481	4518363
20	1048174318	1583702548	4518363
19	1048166134	1583676940	4518363
18	1034474963	1580584337	4518363
17	1034474934	1580584206	4518363
16	1034448577	1580493512	4518363
15	1034447660	1580491072	4518363
14	1034445653	1580484638	4518363
13	1034130031	1579809527	4518363
12	1034065357	1579591526	4518363
11	1034065280	1579591291	4518363
10	1034016505	1579456528	4518363
9	1034015828	1579454580	4518363
8	1034015732	1579454112	4518363
7	1033996043	1579375541	4518363
6	1033995922	1579375361	4518363
5	1033995908	1579375316	4518363
4	1033995845	1579375256	4518363
3	1033995679	1579374831	4518363
2	1033995534	1579374284	4518363
1	1033992136	1579360151	4383339
0	1033988530	1579341544	4518363
