slug: rpc-648
title: "RPC-648"
tags: ["aggression-hazard", "alpha", "electromagnetic-force-hazard", "emotional-hazard", "extra-dimensional-hazard", "grouped-hazard", "mind-regression-hazard", "orange", "organic-hazard", "regenerative-hazard", "rpc"]
26	1544789846	1782086840	7013424
25	1311083576	1596489119	2776183
24	1073214388	1586664662	3638389
23	1073214308	1586664441	3638389
22	1073214301	1586664426	3638389
21	1073100555	1586305077	3638389
20	1073100542	1586305022	3638389
19	1047525966	1582987786	2776183
18	1033581043	1577765176	2776183
17	1033581037	1577765131	2776183
16	1033581032	1577765082	2776183
15	1033581022	1577765020	2776183
14	970235753	1571609251	2776183
13	965672767	1570627755	2776183
12	957145585	1569407011	4981794
11	956936434	1569312280	2776183
10	956936408	1569312237	2776183
9	956936390	1569312173	2776183
8	942825814	1567875876	3952836
7	904477962	1566142877	2776183
6	904376097	1565922400	4981794
5	904374720	1565915208	2776183
4	904374709	1565915137	2776183
3	904374700	1565915061	2776183
2	904374692	1565915006	2776183
1	904374661	1565914978	2776183
0	904374622	1565914913	2776183
