slug: rpc-586
title: "RPC-586"
tags: ["animated-hazard", "contact-hazard", "esoteric-hazard", "extra-dimensional-hazard", "incorporeal-hazard", "mind-control-hazard", "orange", "psychotronic-hazard", "rpc", "sapient-hazard", "sensory-hazard", "sub-vesuvia", "theta"]
16	1459783835	1649036563	3672751
15	1386126919	1636264968	4981794
14	1364653925	1619134667	3118961
13	1359158701	1610744242	5330965
12	1359158230	1610742217	5330965
11	1356697918	1602557711	3672751
10	1356697889	1602557663	3672751
9	1356697877	1602557641	3672751
8	1034840561	1581481537	5330965
7	1034534923	1580791162	5330965
6	1034506251	1580692822	5330965
5	1034504160	1580685389	3118961
4	1034504072	1580685193	3118961
3	1034503994	1580684692	3118961
2	1034498578	1580667684	5330965
1	1034498567	1580667643	5330965
0	1034498556	1580667602	5330965
