slug: guide-for-newcomers
title: "Guide For Newcomers"
tags: []
13	1542589879	1773193315	9671236
12	1540794000	1766249409	9624521
11	1540793900	1766249241	9624521
10	1539829490	1763857646	9624521
9	1539818498	1763829876	9624521
8	1539818471	1763829804	9624521
7	1539735910	1763571851	9624521
6	1539735792	1763571617	9624521
5	1539735784	1763571604	9624521
4	1539735770	1763571577	9624521
3	1539735758	1763571556	9624521
2	1537126081	1761956496	9624521
1	1537126079	1761956483	9624521
0	1533190146	1761299112	8358201
