slug: test-research-035-main
title: "Изучение 035 - Общий"
tags: []
19	1524933202	1727719508	6800964
18	1524891549	1727467474	6800964
17	1515529518	1698487727	6800964
16	1515529035	1698486432	6800964
15	1515528549	1698485108	6800964
14	1514871452	1697136908	6800964
13	1514871437	1697136815	6800964
12	1514270269	1695753618	6800964
11	1513871693	1694365478	6800964
10	1513687014	1693732714	6800964
9	1513686994	1693732596	6800964
8	1513686628	1693730323	6800964
7	1513548872	1693509083	6800964
6	1513548841	1693508982	6800964
5	1513382692	1693239972	6800964
4	1513382279	1693237939	6800964
3	1513382236	1693237650	6800964
2	1513382212	1693237554	6800964
1	1513382179	1693237338	6800964
0	1512801400	1691348479	6800964
