slug: rpc-174
title: "RPC-174"
tags: ["aggression-hazard", "animated-hazard", "beta", "contact-hazard", "grouped-hazard", "ideological-hazard", "red", "rpc", "sentient-hazard"]
14	1540601138	1765626510	7013424
13	1073101086	1586307304	3638389
12	1073101081	1586307290	3638389
11	949062988	1568507801	4583766
10	949062984	1568507775	4583766
9	800619527	1555909106	3638389
8	537642466	1545532355	1574054
7	537641647	1545532229	1574054
6	508458385	1544579141	4304662
5	507466625	1544556832	4738603
4	507464832	1544556804	4738603
3	507463707	1544556775	4738603
2	507461393	1544556721	4738603
1	507459936	1544556692	4738603
0	507455300	1544556604	4738603
