slug: contest:bobcontestjimmyjohnjohnson
title: "The Amazing! Co. Meaning Machine By: Jimmyjohnjohnson"
tags: ["bob"]
22	1516993329	1703520338	5982545
21	1033380143	1576970077	3118961
20	971709890	1572439635	5391461
19	971637874	1572121407	3118961
18	971637480	1572119919	3952836
17	971567026	1571928177	5391461
16	970475925	1571847501	3952836
15	970475897	1571847357	3952836
14	970350146	1571804388	3952836
13	970350124	1571804352	3952836
12	970350112	1571804336	3952836
11	970336628	1571786723	5391461
10	970334914	1571784525	5391461
9	970334835	1571784427	3118961
8	970334556	1571784044	5391461
7	970334504	1571783966	5391461
6	970334488	1571783946	5391461
5	970334288	1571783660	5391461
4	970334274	1571783646	5391461
3	970334254	1571783619	5391461
2	970334240	1571783602	5391461
1	970332341	1571781051	3118961
0	970331712	1571780170	5391461
