slug: rpc-494
title: "RPC-494"
tags: ["aggression-hazard", "beta", "grouped-hazard", "orange", "radiation-hazard", "regenerative-hazard", "rpc", "sapient-hazard"]
25	1366815686	1625216801	5100742
24	1355853386	1600247856	5100742
23	1304640351	1596122798	3118961
22	1291589451	1595834083	5100742
21	1290573413	1595818409	5100742
20	1033583400	1577776460	5100742
19	1033457958	1577247852	5293995
18	1026187406	1576558155	5100742
17	1020710368	1576489015	5100742
16	1020710310	1576488886	5100742
15	986202940	1574328679	5100742
14	971702390	1572408316	5100742
13	971701113	1572401507	5100742
12	971701063	1572401104	5100742
11	971700993	1572401028	5100742
10	971700987	1572400999	5100742
9	971700972	1572400889	5100742
8	971691856	1572361998	5100742
7	971691813	1572361916	5100742
6	971691803	1572361885	5100742
5	971691747	1572361703	5100742
4	971691733	1572361631	5100742
3	971691663	1572361465	5100742
2	971691569	1572361062	5100742
1	971691534	1572361033	5100742
0	971691522	1572360974	5100742
