slug: thegreattarbolin69
title: "TheGreatTarbolin69"
tags: ["author-page"]
56	1525537801	1730444188	4318134
55	1524932652	1727716161	4318134
54	1524932640	1727716120	4318134
53	1522946965	1720490862	4318134
52	1515521075	1698458095	4318134
51	1495666226	1663819539	4318134
50	1386203406	1636515644	4318134
49	1386203393	1636515562	4318134
48	1379476678	1632074489	4318134
47	1366931576	1625771617	4318134
46	1366931572	1625771597	4318134
45	1366164525	1622692524	4318134
44	1361714420	1616380825	4318134
43	1361714413	1616380742	4318134
42	1360820803	1616113935	4318134
41	1360820797	1616113904	4318134
40	1360820792	1616113885	4318134
39	1360496491	1615688968	4318134
38	1360241276	1615006791	4318134
37	1360135690	1614478898	4318134
36	1360135675	1614478792	4318134
35	1360066675	1614143561	4318134
34	1358886164	1609819607	4318134
33	1357744448	1605846201	4318134
32	1357744350	1605845513	4318134
31	1357298782	1604210806	4318134
30	1356778612	1602800091	4318134
29	1355933968	1600541941	4318134
28	1311022905	1596312514	4318134
27	1230964854	1594579286	4318134
26	1230937378	1594578864	4318134
25	1230848481	1594577850	4318134
24	1230847402	1594577839	4318134
23	1230835388	1594577691	4318134
22	1230829775	1594577608	4318134
21	1215072074	1592878825	4318134
20	1215072072	1592878811	4318134
19	1198189275	1591812194	4318134
18	1198189272	1591812167	4318134
17	1146140092	1590484682	4318134
16	1033322113	1576824688	4318134
15	1033322106	1576824658	4318134
14	988097156	1575168090	4318134
13	986416806	1574640713	4318134
12	986189983	1574273038	4318134
11	986189976	1574272974	4318134
10	986189970	1574272932	4318134
9	971713082	1572455041	4318134
8	971710579	1572443205	4318134
7	971710504	1572442828	4318134
6	971710470	1572442630	4318134
5	971710449	1572442483	4318134
4	971710433	1572442433	4318134
3	971710395	1572442203	4318134
2	971710351	1572441961	4318134
1	971710347	1572441883	4318134
0	971710312	1572441744	4318134
