slug: test-lucky2003
title: "Полигон Lucky2003"
tags: []
82	904476210	1566138922	2165167
81	904476058	1566138580	2165167
80	904475739	1566137440	2165167
79	904475724	1566137339	2165167
78	904475676	1566137222	2165167
77	904475674	1566137213	2165167
76	904475416	1566136238	2165167
75	904474639	1566134132	2165167
74	904472147	1566124659	2165167
73	904472130	1566124580	2165167
72	904472128	1566124566	2165167
71	904472119	1566124508	2165167
70	904472052	1566124312	2165167
69	904472039	1566124265	2165167
68	904471902	1566123751	2165167
67	904471897	1566123709	2165167
66	904471870	1566123588	2165167
65	904471855	1566123523	2165167
64	904471814	1566123478	2165167
63	904471748	1566123340	2165167
62	904471734	1566123271	2165167
61	904471712	1566123202	2165167
60	904471705	1566123171	2165167
59	904471691	1566123112	2165167
58	904471479	1566122891	2165167
57	904471251	1566122614	2165167
56	904471201	1566122485	2165167
55	904471161	1566122461	2165167
54	904471127	1566122439	2165167
53	904471124	1566122433	2165167
52	904471089	1566122338	2165167
51	904470916	1566121871	2165167
50	904470852	1566121708	2165167
49	904470847	1566121688	2165167
48	904470758	1566121544	2165167
47	904470663	1566121168	2165167
46	904470582	1566120951	2165167
45	904470579	1566120940	2165167
44	904470564	1566120898	2165167
43	904470560	1566120880	2165167
42	904470482	1566120678	2165167
41	904470476	1566120653	2165167
40	904470362	1566120301	2165167
39	904470359	1566120267	2165167
38	904470322	1566120215	2165167
37	904470314	1566120156	2165167
36	904470257	1566119829	2165167
35	904459497	1566081052	2165167
34	904459487	1566081017	2165167
33	904459410	1566080920	2165167
32	904459401	1566080890	2165167
31	904459266	1566080642	2165167
30	904459225	1566080626	2165167
29	904458929	1566079488	2165167
28	904458921	1566079449	2165167
27	904458847	1566079320	2165167
26	904458809	1566079278	2165167
25	904458803	1566079259	2165167
24	904458794	1566079230	2165167
23	904458715	1566078882	2165167
22	904458702	1566078827	2165167
21	904458686	1566078743	2165167
20	904458646	1566078689	2165167
19	904458639	1566078653	2165167
18	904458504	1566078253	2165167
17	904458435	1566078003	2165167
16	904458226	1566077425	2165167
15	904458213	1566077385	2165167
14	904458200	1566077297	2165167
13	904458143	1566077168	2165167
12	904458094	1566076923	2165167
11	904458091	1566076912	2165167
10	904458080	1566076842	2165167
9	904457771	1566076377	2165167
8	904457768	1566076336	2165167
7	904457654	1566075973	2165167
6	904456247	1566072125	2165167
5	904456161	1566071843	2165167
4	904455976	1566071448	2165167
3	904455857	1566071210	2165167
2	904455744	1566070843	2165167
1	904455633	1566070536	2165167
0	904455193	1566069346	2165167
