slug: awriteron
title: "Writer's Studio"
tags: []
20	1525584069	1730580799	8510804
19	1525584065	1730580776	8510804
18	1525584056	1730580731	8510804
17	1525584048	1730580698	8510804
16	1525584044	1730580674	8510804
15	1525584039	1730580647	8510804
14	1525584000	1730580441	8510804
13	1521409489	1720073416	8510804
12	1521389689	1719975228	8510804
11	1521389679	1719975130	8510804
10	1521366852	1719821642	8510804
9	1521366846	1719821611	8510804
8	1521366823	1719821408	8510804
7	1521035899	1718998415	8510804
6	1521035883	1718998299	8510804
5	1521035876	1718998216	8510804
4	1521035872	1718998178	8510804
3	1521035866	1718998102	8510804
2	1521035823	1718997746	8510804
1	1521035803	1718997571	8510804
0	1521035781	1718997346	8510804
