slug: research-009-main
title: "Изучение 009 - Основа"
tags: []
52	72389184	1460235658	754405
51	72389126	1460235629	754405
50	55916796	1440222026	754405
49	51115717	1417188185	754405
48	45441789	1391436819	1191487
47	45382252	1391183989	754405
46	35190485	1359128530	754405
45	35189265	1359125884	1191487
44	35189148	1359125716	754405
43	35188950	1359124908	1191487
42	35188910	1359124762	754405
41	35188568	1359123795	1191487
40	35188284	1359123132	754405
39	35187857	1359121928	1191487
38	34017054	1355411437	1191487
37	33140982	1352038648	754405
36	33140874	1352038211	1191487
35	33093943	1351786527	754405
34	33093406	1351784884	1191487
33	33053376	1351611191	754405
32	33052687	1351609840	1191487
31	32916819	1351003552	754405
30	32916454	1351002889	1191487
29	32876198	1350831612	754405
28	32875982	1350829879	1191487
27	30136899	1336685672	754405
26	30136712	1336684661	1172670
25	30136476	1336683446	754405
24	30073787	1336397458	1191487
23	30039078	1336142293	754405
22	30038464	1336139302	1191487
21	30012388	1335984060	754405
20	30008354	1335965780	1191487
19	29990545	1335880225	754405
18	29990468	1335879715	1191487
17	29969550	1335757295	754405
16	29964327	1335717115	1172670
15	29963279	1335707117	1191487
14	29941589	1335541206	754405
13	29940208	1335534066	1191487
12	29940203	1335534036	1191487
11	29927230	1335456819	754405
10	29926832	1335454697	1191487
9	29926738	1335454279	1172670
8	29926490	1335452985	754405
7	29926428	1335452606	1191487
6	29926401	1335452441	1191487
5	29911281	1335369796	754405
4	29909416	1335360593	1191487
3	29852206	1335035270	754405
2	29849930	1335019798	1191487
1	29823292	1334856914	754405
0	29820972	1334845228	1191487
