slug: rpc-804
title: "RPC-804"
tags: ["alpha", "grouped-hazard", "organic-hazard", "rpc", "sentient-hazard", "visual-hazard", "yellow"]
12	1544868175	1782488402	9678829
11	1523108944	1721349060	3050074
10	1474785656	1656710139	3672751
9	1362081993	1617755747	3512728
8	1362081992	1617755720	3512728
7	889290684	1563047894	3638389
6	889290673	1563047863	3638389
5	641822226	1550034605	2241229
4	519546494	1544811650	3638389
3	519126178	1544802558	2241229
2	519082320	1544801134	2241229
1	518841590	1544754842	3118961
0	518836815	1544753024	2241229
