slug: romeo-7-suited-gentlemen
title: "Romeo-7 \"Suited Gentlemen\""
tags: ["document", "mst", "translated"]
58	1545932002	1786593513	3050074
57	1545931985	1786593450	3050074
56	1545911042	1786518652	3050074
55	1544731481	1781862250	4330657
54	1531087589	1752972986	9487909
53	1526802600	1734696830	9487909
52	1526802597	1734696817	9487909
51	1512124130	1688991620	6371726
50	1367462698	1628343358	7271260
49	1360475569	1615578776	3722979
48	1360267824	1615139220	3722979
47	1359001306	1610291105	3722979
46	1358577833	1608448508	5716946
45	1356178833	1601443210	5716946
44	1356115294	1601185557	6720129
43	1311155197	1596778829	3722979
42	1297425434	1595926330	3722979
41	1187607493	1591182432	3722979
40	1088866110	1589376801	3722979
39	1075276574	1587837665	3118961
38	1072093069	1585843331	5331749
37	1048046655	1583342551	3722979
36	1048046646	1583342526	3722979
35	1048045635	1583339645	3722979
34	1045535917	1582393406	3118961
33	1034682949	1581276873	3118961
32	1004116729	1575682439	3722979
31	976843745	1572791056	3722979
30	971665356	1572267714	3722979
29	971665259	1572267040	3722979
28	965964463	1571098882	3722979
27	904432255	1565990338	3952836
26	900921995	1565349803	3722979
25	874355957	1561776038	3722979
24	874355873	1561775531	3722979
23	847178792	1558694419	3722979
22	808031284	1556817858	3722979
21	808031255	1556817780	3722979
20	773972802	1555598573	3722979
19	757952049	1555433024	3722979
18	715285211	1554097886	3722979
17	710784426	1553954951	3722979
16	688489630	1553385420	2776183
15	682665220	1552524495	2930589
14	679396309	1552143995	3722979
13	641670044	1549639782	3722979
12	640373095	1548763620	4583766
11	535449711	1545435947	3952836
10	521181679	1544855969	4583766
9	521180709	1544855951	4583766
8	518866785	1544764276	3722979
7	518866080	1544764008	3722979
6	518862609	1544762802	4583766
5	518862329	1544762690	3722979
4	518862170	1544762648	3722979
3	518861817	1544762510	3722979
2	518861736	1544762475	3722979
1	518861700	1544762462	3722979
0	518861622	1544762433	3722979
