slug: rpc-300
title: "RPC-300"
tags: ["beta", "contact-hazard", "grouped-hazard", "orange", "organic-hazard", "rpc", "toxic-hazard", "translated"]
18	1542712659	1773698370	10197776
17	1518745468	1709351499	3050074
16	1518743116	1709338133	5982545
15	1360142542	1614513716	7271260
14	1356600608	1602370092	5689914
13	1355916650	1600497098	6264298
12	1215185565	1593322767	6264298
11	972900960	1572651773	4315330
10	421036297	1543010131	3638389
9	421027494	1543010023	3638389
8	367015631	1541815880	3638389
7	213310493	1539804428	3952836
6	167817647	1539031803	4105536
5	164823277	1538967608	2976054
4	146716653	1535835727	2773416
3	141050427	1534215266	2773416
2	141013265	1534201708	4365296
1	140917465	1534176934	4264609
0	140902140	1534174003	4264609
