slug: rpc-929-nc
title: "RPC-929-NC"
tags: ["aep", "aggression-hazard", "ballistic-hazard", "extra-dimensional-hazard", "gamma", "info-hazard", "mechanical-hazard", "non-canon", "rcpa", "red", "rpc", "sapient-hazard", "the-array"]
28	1357796537	1606069634	3118961
27	1357796518	1606069504	3118961
26	1357796506	1606069453	3118961
25	1000738066	1575600516	1315056
24	1000675871	1575599293	1315056
23	950174997	1568687356	2930589
22	856091946	1560882127	3638389
21	691321123	1553461405	2930589
20	683960184	1553292131	1315056
19	683831846	1553286516	3952836
18	683761631	1553263720	2241229
17	682415965	1552444093	2930589
16	682415937	1552443972	2930589
15	682077180	1552367554	3970162
14	682076023	1552362896	3970162
13	681238332	1552196762	2930589
12	650230253	1551067342	2930589
11	649647950	1550629042	3952836
10	647513310	1550526285	2930589
9	647506210	1550526142	2930589
8	647360630	1550523909	2930589
7	645199963	1550463934	2930589
6	641848062	1550119581	2930589
5	641847411	1550118074	2930589
4	641835538	1550074682	2930589
3	641816620	1550017772	3118961
2	641815970	1550015370	2930589
1	641815879	1550015056	4981794
0	641815739	1550014632	2930589
