slug: malthusian-manifesto
title: "A Malthusian Manifesto"
tags: ["church-of-malthus", "document", "eoi-tale", "history", "short", "translated"]
12	1526682741	1734010312	9487909
11	1497166049	1667562957	6371726
10	1355917495	1600499411	6264298
9	1215276847	1593604487	6264298
8	1084216610	1588359829	3118961
7	801930239	1555950866	3118961
6	801926262	1555942617	3118961
5	641844702	1550108002	1315056
4	641844633	1550107755	1315056
3	641844625	1550107718	1315056
2	641844618	1550107699	1315056
1	641844601	1550107668	1315056
0	641844599	1550107644	1315056
