slug: 037
title: "037 - Саркофаг знания"
tags: ["артефакт", "исследуется", "неизучен", "сюжетный"]
24	1460957677	1652132662	754405
23	1460957466	1652131335	754405
22	1367322540	1627680321	754405
21	1366779839	1625001749	754405
20	1364786646	1619732652	754405
19	94287391	1514581419	754405
18	80231308	1485897747	754405
17	76179894	1467211351	754405
16	76179244	1467208825	754405
15	76177870	1467204680	754405
14	75863544	1465704031	754405
13	75635075	1464579048	754405
12	71810492	1459782932	2532662
11	70346547	1458982643	2532662
10	70346514	1458982346	2532662
9	70346153	1458981861	2532662
8	70346145	1458981824	2532662
7	70230571	1458824781	2532662
6	70229347	1458824202	754405
5	70229049	1458824125	2532662
4	70215739	1458813200	2532662
3	70215627	1458813119	2532662
2	70211123	1458808942	2532662
1	70200534	1458798326	2532662
0	70200201	1458797617	2532662
