slug: _author-page-test
title: "Author Page Test"
tags: []
21	517960345	1544669647	2241229
20	517959882	1544668147	2241229
19	517959859	1544668043	2241229
18	517959839	1544667924	2241229
17	517959785	1544667667	2241229
16	517959739	1544667549	2241229
15	517959735	1544667517	2241229
14	517959698	1544667359	2241229
13	517959687	1544667328	2241229
12	517959674	1544667276	2241229
11	517959664	1544667233	2241229
10	517959651	1544667175	2241229
9	517959604	1544667061	2241229
8	517959572	1544667031	2241229
7	517959561	1544666993	2241229
6	517959549	1544666943	2241229
5	517959546	1544666928	2241229
4	517959540	1544666903	2241229
3	517959535	1544666884	2241229
2	517959528	1544666842	2241229
1	517959506	1544666714	2241229
0	517959338	1544666489	2241229
