slug: rpc-563
title: "RPC-563"
tags: ["aggression-hazard", "beta", "contestwinner", "extreme-temperature-hazard", "ideological-hazard", "orange", "rpc", "sapient-hazard"]
19	1379408382	1631690352	4981794
18	1356694164	1602552243	3672751
17	1356694045	1602552115	3672751
16	1356694021	1602552090	3672751
15	1356694010	1602552075	3672751
14	1356693997	1602552053	3672751
13	933504271	1567557498	3118961
12	881082031	1562727823	4302636
11	856051392	1560880689	3638389
10	847843555	1560018157	3638389
9	847843552	1560018100	3638389
8	802018020	1556075683	3952836
7	718908523	1554386500	3952836
6	718465648	1554316132	4548098
5	718465646	1554316122	4548098
4	683847198	1553289966	1315056
3	682665582	1552525497	3478027
2	682665550	1552525419	3478027
1	641424175	1549073164	2773416
0	641408926	1549034851	3478027
