slug: rpc-363
title: "RPC-363"
tags: ["alpha", "regenerative-hazard", "rpc", "runnerup", "temporal-hazard", "translated", "white"]
21	1507843687	1676815377	5982545
20	1356600611	1602370146	5689914
19	1355916652	1600497107	6264298
18	1224170669	1594282423	6264298
17	933510460	1567557568	3118961
16	901565222	1565498890	3952836
15	901565220	1565498883	3952836
14	856119036	1560884112	3638389
13	718910238	1554386541	3952836
12	718465709	1554316247	4548098
11	718465674	1554316229	4548098
10	682416482	1552445739	2930589
9	649643908	1550615637	4981794
8	647354549	1550523844	2930589
7	645201258	1550468390	2930589
6	645199960	1550463907	2930589
5	645199938	1550463843	2930589
4	645199936	1550463832	2930589
3	641413410	1549044938	3118961
2	641412079	1549041920	3118961
1	641412068	1549041893	3118961
0	641410597	1549038062	2930589
