slug: rpc-365
title: "RPC-365"
tags: ["alpha", "contestwinner", "electromagnetic-force-hazard", "format-break", "mechanical-hazard", "memory-alteration-hazard", "rpc", "translated", "white", "yellow"]
25	1356258527	1601673619	5689914
24	1356258523	1601673583	5689914
23	1073100495	1586304913	3638389
22	1073100445	1586304609	3638389
21	933503074	1567557485	3118961
20	802016720	1556073014	3118961
19	718465658	1554316177	4548098
18	718224552	1554297476	2241229
17	704941316	1553799317	2241229
16	704044511	1553783233	2241229
15	641822067	1550034242	2241229
14	641821871	1550033640	2241229
13	641821631	1550033029	2241229
12	641821600	1550032872	2241229
11	641821572	1550032763	2241229
10	641631873	1549569414	2241229
9	641552466	1549398355	2241229
8	641551113	1549394663	2241229
7	641497661	1549257706	2241229
6	641452869	1549143552	2241229
5	641448778	1549134640	2241229
4	641419774	1549061503	3638389
3	641418881	1549059395	3952836
2	641418846	1549059250	3952836
1	641418730	1549058938	2241229
0	641418705	1549058870	2241229
