slug: rpc-286
title: "RPC-286"
tags: ["aggression-hazard", "explosive-hazard", "gamma", "grouped-hazard", "purple", "regenerative-hazard", "rpc", "sapient-hazard"]
23	1539692019	1763404561	7013424
22	1475578456	1656730329	3672751
21	1474976843	1656713534	3970162
20	1359068505	1610475367	1315056
19	1355890713	1600392215	1315056
18	1355870115	1600308319	3118961
17	1073205618	1586639619	3638389
16	1073205612	1586639602	3638389
15	949067247	1568508641	4583766
14	949067055	1568508238	4583766
13	946030947	1568163348	3952836
12	856119417	1560884494	3638389
11	626981133	1548076528	1315056
10	590325469	1547253227	1315056
9	590320963	1547245430	3375736
8	439523361	1543673067	1315056
7	367006309	1541803569	3952836
6	340735782	1541017175	1315056
5	316477172	1540858656	1315056
4	316449821	1540858431	1315056
3	316001543	1540853699	1315056
2	315995318	1540853630	1315056
1	315992401	1540853579	1315056
0	315990214	1540853553	1315056
