slug: rpc-609
title: "RPC-609"
tags: ["omega", "rpc", "sapient-hazard", "teleportation-hazard", "temporal-hazard", "transmutation-hazard", "yellow"]
28	1033740098	1578426269	5054156
27	1033457983	1577248077	5293995
26	940302670	1567733541	1574054
25	940302622	1567733473	4738222
24	940302424	1567733345	4738222
23	940302415	1567733328	4738222
22	935707424	1567613315	5016762
21	929538881	1567473167	3952836
20	927924423	1567446858	5016762
19	927448782	1567428192	5016762
18	927444264	1567427846	5016762
17	927442986	1567427817	5016762
16	927441242	1567427713	5016762
15	927439250	1567427531	5016762
14	927428138	1567427322	3952836
13	927409833	1567426864	5016762
12	926363947	1567400929	4315330
11	926357671	1567400817	5016762
10	926355457	1567400783	5016762
9	925937714	1567395202	5016762
8	925932151	1567395090	5016762
7	925927662	1567394913	5016762
6	925907851	1567394605	5016762
5	925899673	1567394397	5016762
4	925896303	1567394313	5016762
3	925877576	1567393926	5016762
2	925848416	1567393549	5016762
1	925761632	1567391911	5016762
0	925758559	1567391829	5016762
