slug: rpc-089
title: "RPC-089"
tags: ["alpha", "orange", "organic-hazard", "rpc", "sentient-hazard", "translated"]
29	1530176110	1747674185	9487909
28	1530176108	1747674173	9487909
27	1519423487	1712301135	6371726
26	1047018305	1582831098	4315330
25	603970568	1547668889	3638389
24	603964721	1547668819	3638389
23	366972064	1541800868	3952836
22	237250716	1540106749	3638389
21	213477752	1539809179	3952836
20	213064348	1539797346	4695861
19	168177776	1539043498	3952836
18	167940591	1539035607	3646714
17	164948544	1538970323	3646714
16	164890506	1538968898	4105536
15	146712787	1535826155	3625466
14	130409167	1530671417	4255713
13	129912245	1530479521	4255713
12	129910200	1530479176	4255713
11	129729841	1530414888	4255713
10	129729651	1530414805	4255713
9	129698358	1530401293	4255713
8	129537351	1530354041	4270931
7	128901037	1530202133	2773416
6	128651656	1530146745	4255713
5	128399999	1530067539	4255713
4	128399878	1530067491	4255713
3	128089059	1529932302	4255713
2	128018392	1529903373	2944267
1	128017051	1529902912	2944267
0	128008354	1529899788	4255713
