slug: rpc-975
title: "RPC-975"
tags: ["beta", "bio-hazard", "co-authored", "contact-hazard", "ecological-hazard", "grouped-hazard", "microscopic-hazard", "organic-hazard", "regenerative-hazard", "rpc", "transmutation-hazard", "yellow"]
13	1506295650	1672854937	5716946
12	1506295645	1672854912	5716946
11	1388289136	1642532895	5716946
10	1360568126	1615871034	5716946
9	1359432193	1611729706	5716946
8	1359432191	1611729705	5716946
7	1359198844	1610883940	5716946
6	1359198841	1610883883	5716946
5	1359198827	1610883799	5716946
4	1358130717	1607071506	5716946
3	1356254224	1601660792	5716946
2	1356253050	1601656977	5716946
1	1356252861	1601656235	5716946
0	1356252416	1601655007	5330965
