slug: contest:misfortunecontestthegreattarbolin69
title: "The Broken Despot"
tags: ["misfortune2020"]
18	1517004347	1703605477	5982545
17	1357253516	1603992493	4318134
16	1357253438	1603992062	4318134
15	1357250619	1603981142	4318134
14	1357241329	1603933942	4318134
13	1356875345	1603072863	4318134
12	1356875342	1603072836	3672751
11	1356875309	1603072702	3672751
10	1356875272	1603072513	3672751
9	1356875267	1603072501	3672751
8	1356875264	1603072486	3672751
7	1356875258	1603072465	3672751
6	1356875256	1603072450	3672751
5	1356875191	1603072105	3118961
4	1356875185	1603072086	3118961
3	1356875169	1603072007	4318134
2	1356875161	1603071967	4318134
1	1356875095	1603071820	4318134
0	1356875082	1603071747	4318134
