slug: rpc-409
title: "RPC-409"
tags: ["academy", "alpha", "extra-dimensional-hazard", "rpc", "translated", "visual-hazard", "yellow"]
29	1532331093	1758089108	4330657
28	1530170020	1747628481	6371726
27	1530169979	1747628179	6371726
26	1512927371	1691755851	6371726
25	1496163664	1665168338	6371726
24	1496163662	1665168327	6371726
23	1073706525	1587099244	4268005
22	682077074	1552367061	3970162
21	682077031	1552366917	3970162
20	681254689	1552247702	1315056
19	641906470	1550285644	4268005
18	641906458	1550285558	4268005
17	641880521	1550202502	4981794
16	641368952	1548944445	4268005
15	581029583	1547095926	4268005
14	574427795	1546841396	3638389
13	367006430	1541803893	3952836
12	352697361	1541409311	4268005
11	352697011	1541409161	4268005
10	343740843	1541056184	3638389
9	343467471	1541053615	4464984
8	259088095	1540315613	3638389
7	259081003	1540315577	3638389
6	213334466	1539806056	3952836
5	213038154	1539795750	4695861
4	212215215	1539532610	3638389
3	171700062	1539150535	4268005
2	171663356	1539149921	4268005
1	171638022	1539149331	4268005
0	171635689	1539149263	4268005
