slug: component:rpc-database-theme
title: "RPC Database Theme"
tags: ["theme"]
14	1357462493	1604785185	3118961
13	1357462485	1604785148	3118961
12	1357203435	1603757402	3118961
11	1357203174	1603756005	3118961
10	1357203172	1603755998	3118961
9	1357203093	1603755742	3118961
8	1357203091	1603755736	3118961
7	1357181808	1603669202	3118961
6	1357181806	1603669178	3118961
5	1357181801	1603669168	3118961
4	1357160539	1603595480	3118961
3	1357160414	1603595273	3118961
2	1357160407	1603595245	3118961
1	1357160310	1603595068	3118961
0	1357160293	1603595033	3118961
