slug: component:fail-safe-theme
title: "Fail-Safe Theme"
tags: ["theme"]
17	1357206150	1603769824	3118961
16	1357205952	1603768725	3118961
15	1357203438	1603757414	3118961
14	1357199577	1603740652	3118961
13	1357199208	1603739478	3118961
12	1357199200	1603739452	3118961
11	1357199191	1603739415	3118961
10	1357183126	1603675696	3118961
9	1357183080	1603675409	3118961
8	1357182947	1603674876	3118961
7	1357182763	1603673710	3118961
6	1357182731	1603673548	3118961
5	1357182589	1603673045	3118961
4	1357182391	1603672230	3118961
3	1357182346	1603672022	3118961
2	1357182176	1603671163	3118961
1	1357182157	1603671038	3118961
0	1357181886	1603669530	3118961
