slug: rpc-359
title: "RPC-359"
tags: ["beta", "black", "destabilization-hazard", "info-hazard", "psychotronic-hazard", "rpc", "sapient-hazard", "temporal-hazard"]
40	1529984345	1746571885	4318134
39	1525052454	1728181923	4318134
38	1525050898	1728167629	4318134
37	1525050895	1728167591	4318134
36	1506359405	1673091749	4981794
35	1459727297	1648828672	4318134
34	1459727290	1648828640	4318134
33	1367225977	1627282928	4318134
32	1367225829	1627281838	4318134
31	1367225399	1627280267	4318134
30	1367225393	1627280210	4318134
29	1367225369	1627280066	4318134
28	1367225355	1627280003	4318134
27	1367225246	1627279501	4318134
26	1367225244	1627279478	4318134
25	1367225226	1627279281	4318134
24	1367225101	1627278197	4318134
23	1367225082	1627278098	4318134
22	1367225061	1627278008	4318134
21	1367225054	1627277980	4318134
20	1367225049	1627277957	4318134
19	1367225027	1627277935	4318134
18	1367225011	1627277867	4318134
17	1367225007	1627277850	4318134
16	1367225002	1627277827	4318134
15	1367224997	1627277809	4318134
14	1367224795	1627276883	4318134
13	1367223991	1627272852	4318134
12	1361927542	1616958366	4318134
11	1360548214	1615761614	4318134
10	1360548206	1615761564	4318134
9	1360548203	1615761541	4318134
8	1360045215	1614047585	4318134
7	1359964175	1613686658	4318134
6	1359962280	1613676433	4318134
5	1357303552	1604234809	3118961
4	1357298625	1604210067	4318134
3	1357298597	1604209871	4318134
2	1357298588	1604209814	4318134
1	1357298541	1604209622	4318134
0	1357298525	1604209532	4318134
