slug: fragment:866-1
title: "866 1"
tags: []
31	1357785486	1606022595	6264298
30	1357628578	1605406180	6436891
29	1357628575	1605406154	6436891
28	1357628569	1605406099	6436891
27	1357625103	1605392280	3672751
26	1357624860	1605391192	3672751
25	1357624804	1605390914	3672751
24	1357624733	1605390751	3672751
23	1357624713	1605390665	3672751
22	1357624700	1605390577	3672751
21	1357624685	1605390493	3672751
20	1357624621	1605390227	3672751
19	1357624610	1605390173	3672751
18	1357624604	1605390142	3672751
17	1357622989	1605383126	3672751
16	1357622985	1605383106	3672751
15	1357622901	1605382694	3672751
14	1357622857	1605382507	3672751
13	1357622821	1605382459	3672751
12	1357622805	1605382387	3672751
11	1357622792	1605382344	3672751
10	1357622691	1605382140	6436891
9	1357622672	1605382082	6436891
8	1357622664	1605382061	6436891
7	1357622648	1605382014	6436891
6	1357622629	1605381931	6436891
5	1357622602	1605381831	6436891
4	1357622559	1605381813	6436891
3	1357622159	1605380648	6436891
2	1357622140	1605380577	6436891
1	1357394826	1604618687	3672751
0	1357394760	1604618140	3672751
