slug: rpc-358-sv
title: "RPC-358 [SV]"
tags: ["translation"]
14	1358232496	1607349218	3118961
13	1358224524	1607307420	3118961
12	1358224515	1607307391	3118961
11	1358224480	1607307197	3118961
10	1358224459	1607307072	3118961
9	1358224389	1607306355	3118961
8	1357581119	1605195468	3118961
7	1357579902	1605190306	6074881
6	1357579785	1605189329	6074881
5	1357579743	1605188846	6074881
4	1357579739	1605188830	6074881
3	1357579705	1605188605	6074881
2	1357579704	1605188599	3118961
1	1357579695	1605188514	6074881
0	1357579690	1605188476	6074881
