slug: fragment:405-2
title: "405 2"
tags: []
14	1542330180	1772184318	5716946
13	1364812747	1619837713	7271260
12	1364812742	1619837642	7271260
11	1364812639	1619836861	4318134
10	1364812634	1619836838	4318134
9	1364812630	1619836810	4318134
8	1364812629	1619836795	4318134
7	1364812626	1619836781	4318134
6	1357744078	1605844184	3118961
5	1357744071	1605844155	3118961
4	1357744048	1605844027	3118961
3	1357744009	1605843846	3118961
2	1357720316	1605758077	4318134
1	1357720154	1605756907	4318134
0	1357720066	1605756319	4318134
