slug: rpc-974
title: "RPC-974"
tags: ["destabilization-hazard", "emotional-hazard", "ideological-hazard", "mind-regression-hazard", "omega", "purple", "rpc", "sensory-hazard", "visual-hazard"]
11	1474976614	1656713134	3970162
10	1362078380	1617735194	3672751
9	1362078374	1617735168	3672751
8	1360144245	1614523858	5181020
7	1360144209	1614523664	5181020
6	1073852068	1587231879	3638389
5	1073852063	1587231862	3638389
4	1033458060	1577248644	5293995
3	978927847	1573095135	3952836
2	978888850	1572911271	5640120
1	978888597	1572909555	3323177
0	978888331	1572908006	5249585
