slug: rpc-570
title: "RPC-570"
tags: ["beta", "contact-hazard", "gamma", "ideological-hazard", "mind-control-hazard", "neutralized", "rpc", "sapient-hazard", "translated", "yellow"]
84	1497930039	1669823361	6371726
83	1474799609	1656710442	3672751
82	1460325577	1650386608	7320700
81	1459736189	1648854267	3803946
80	1459736137	1648854240	3803946
79	1400583521	1647210018	5689914
78	1389023750	1645523656	7271260
77	1386184262	1636454167	7271260
76	1359160977	1610757373	3803946
75	972900579	1572649436	4315330
74	880393451	1562169637	3803946
73	847337413	1559165881	3803946
72	801935487	1555962977	3638389
71	801935481	1555962948	3638389
70	700800796	1553641610	3803946
69	683969968	1553292281	1315056
68	641406739	1549029442	3803946
67	562752692	1546561002	3803946
66	562738338	1546560830	3803946
65	562695538	1546560069	3803946
64	562492567	1546556850	3803946
63	562492551	1546556818	3803946
62	550499289	1546305339	3584570
61	550499242	1546305213	3584570
60	550498555	1546303863	3803946
59	550498109	1546302874	3803946
58	545758953	1546222298	3803946
57	544909699	1546209809	3803946
56	544903909	1546209725	3803946
55	544884955	1546209452	3803946
54	544879077	1546209396	3803946
53	544876505	1546209368	3803946
52	544805777	1546208081	3803946
51	544784035	1546207666	3803946
50	544630566	1546205615	3118961
49	544485813	1546203023	3803946
48	538313606	1545667978	3803946
47	538313542	1545667678	3803946
46	456752314	1544084549	3638389
45	456730646	1544084225	3638389
44	213174650	1539800473	3952836
43	195220887	1539370093	2906223
42	167193545	1539018353	2947029
41	167193069	1539018337	2947029
40	167193067	1539018336	2947029
39	167191943	1539018317	2947029
38	166897446	1539012382	2947029
37	164653151	1538963113	2976054
36	156424136	1538794323	3803946
35	156423644	1538794305	3803946
34	149628841	1538433870	3803946
33	149258896	1538257438	3803946
32	148625142	1538005291	3349606
31	148595537	1537992234	3803946
30	148594990	1537992039	3803946
29	147833635	1537220713	3803946
28	146717020	1535836956	2773416
27	140686871	1534113740	2906223
26	137598397	1533498186	3638389
25	136566901	1533216057	3803946
24	135696337	1532893818	3099812
23	133446606	1532120064	3803946
22	133363683	1532017992	3803946
21	133146451	1531921291	3803946
20	133114041	1531885397	2906223
19	133113552	1531885060	2906223
18	133013315	1531846183	2005485
17	133013163	1531846105	2005485
16	132794623	1531753540	3803946
15	132758462	1531687034	3803946
14	132614279	1531614946	3803946
13	132567685	1531600500	3803946
12	132565230	1531599715	2906223
11	132543054	1531591389	3803946
10	132519253	1531581175	3803946
9	132393058	1531544470	4293284
8	132391968	1531544271	4240294
7	132391888	1531544241	4240294
6	132390896	1531544053	3952836
5	132207545	1531505978	3803946
4	132207455	1531505948	3803946
3	132160815	1531496542	3803946
2	132160748	1531496510	3803946
1	132142426	1531492199	3803946
0	132116033	1531486964	3803946
