slug: frontier:raid
title: "Рейд страница 1"
tags: ["Пограничье", "Рассказ", "Рейд"]
33	1386442834	1637354836	2679482
32	1366393693	1623410088	2679482
31	1361899342	1616837361	2679482
30	1360789711	1615990131	2679482
29	1360789602	1615990005	2679482
28	1360789598	1615989994	2679482
27	1359634183	1612638432	4518363
26	1359634178	1612638394	4518363
25	1359634140	1612638377	4518363
24	1359634137	1612638351	4518363
23	1359557747	1612280133	2679482
22	1359557681	1612280013	2679482
21	1359557632	1612279965	2679482
20	1359557525	1612279592	2679482
19	1359557394	1612279305	2679482
18	1359557285	1612279184	2679482
17	1359557222	1612279007	2679482
16	1359555188	1612271560	2679482
15	1359555066	1612270920	2679482
14	1359517459	1612091719	2679482
13	1359514486	1612072566	2679482
12	1359463830	1611828982	2679482
11	1359447683	1611807853	2679482
10	1359447604	1611807315	2679482
9	1359447528	1611806848	2679482
8	1359447492	1611806621	2679482
7	1359437963	1611757692	2679482
6	1359405530	1611587750	2679482
5	1359405500	1611587551	2679482
4	1359404498	1611583968	2679482
3	1359387685	1611502740	2679482
2	1359374679	1611419708	2679482
1	1359374544	1611419107	4518363
0	1359374466	1611418952	2679482
