slug: world-1
title: "Мир 1 - ВИК"
tags: ["ВИК", "Мир"]
28	1459881904	1649222577	4518363
27	1388787045	1644592284	7310155
26	1388657157	1644075923	4518363
25	1364857372	1620055984	4518363
24	1362085442	1617778005	4518363
23	1361730017	1616430153	6037747
22	1360674254	1615885152	6037747
21	1360669235	1615885070	6037747
20	1360283985	1615214213	6037747
19	1360283898	1615213780	6037747
18	1360283612	1615212341	6037747
17	1360283596	1615212206	6037747
16	1360283557	1615211992	6037747
15	1360283547	1615211930	6037747
14	1360283531	1615211854	6037747
13	1360283193	1615210810	6037747
12	1360283150	1615210577	6037747
11	1360283030	1615209940	6037747
10	1360282712	1615208125	6037747
9	1360276850	1615183098	6037747
8	1360268610	1615143453	6037747
7	1360267812	1615139133	6037747
6	1360267810	1615139110	6037747
5	1360267763	1615138722	6037747
4	1360250822	1615052816	6037747
3	1360250821	1615052795	6037747
2	1359699055	1612882800	4518363
1	1359680342	1612804675	6037747
0	1359680130	1612804064	6037747
