slug: rpc-256
title: "RPC-256"
tags: ["gamma", "gear", "grouped-hazard", "mechanical-hazard", "purple", "regenerative-hazard", "rpc", "sapient-hazard"]
48	1541329132	1767966984	9678829
47	1459569971	1648304491	5982545
46	1073205525	1586639427	3638389
45	1073205521	1586639409	3638389
44	1073205511	1586639384	3638389
43	965923585	1571008969	2930589
42	965923576	1571008950	2930589
41	950174554	1568685940	2930589
40	901587890	1565577177	5258122
39	901587850	1565577047	5258122
38	868617370	1561376869	5429748
37	856119477	1560884626	3638389
36	840560402	1557925768	4981794
35	701046574	1553726092	3638389
34	701046456	1553725793	3646714
33	683329014	1552846314	2930589
32	682415925	1552443948	2930589
31	682413576	1552437033	4315330
30	682077361	1552368275	3970162
29	677789260	1552096194	2930589
28	673714695	1551864888	4981794
27	649632400	1550577768	4981794
26	645201248	1550468339	2930589
25	645200851	1550466760	2930589
24	645200844	1550466734	2930589
23	645200808	1550466604	2930589
22	645199761	1550463140	2241229
21	645199681	1550462795	2930589
20	645199665	1550462745	2930589
19	593457693	1547447046	4584404
18	566256818	1546621686	3118961
17	566238954	1546621457	3118961
16	566221564	1546621219	3118961
15	566201055	1546620966	3118961
14	566170168	1546620307	3118961
13	565995590	1546617653	3118961
12	565981555	1546617465	3118961
11	491866533	1544473195	2930589
10	364156270	1541740949	3970162
9	316273502	1540857581	2773416
8	316248353	1540857275	2773416
7	300984125	1540613837	1315056
6	300740199	1540610291	2930589
5	300730474	1540610127	2930589
4	300722240	1540610006	2930589
3	300681762	1540609602	3207272
2	300679063	1540609580	3207272
1	300653786	1540609326	2930589
0	300645411	1540609238	2930589
