slug: normal-levels
title: "Normal Levels"
tags: []
138	1544643252	1781466732	9605902
137	1544641358	1781452543	9605902
136	1544641140	1781451609	9605902
135	1544394740	1780344748	9605902
134	1544393931	1780339060	9605902
133	1544257124	1780012319	9605902
132	1544256211	1780011154	9605902
131	1544202431	1779940694	10369433
130	1544196136	1779927756	9605902
129	1544098393	1779575881	9605902
128	1544095740	1779560412	9605902
127	1544077994	1779494991	9605902
126	1544077901	1779494447	9605902
125	1544077790	1779494053	9605902
124	1544014531	1779151014	9605902
123	1544014517	1779150899	9605902
122	1544009529	1779121684	9605902
121	1544009363	1779121057	9605902
120	1544009316	1779120793	9605902
119	1544008901	1779118771	9605902
118	1543853628	1778537620	9605902
117	1543852269	1778528537	9605902
116	1543852214	1778528171	9605902
115	1543688591	1777772695	9605902
114	1543636719	1777578878	9605902
113	1543605130	1777405932	8154962
112	1543603937	1777398584	8154962
111	1543594349	1777338161	9605902
110	1543562067	1777150546	9605902
109	1543543034	1777072300	9605902
108	1543313991	1776035847	9605902
107	1543313295	1776030517	9605902
106	1543313263	1776030271	9605902
105	1543117715	1775329393	9605902
104	1543099751	1775266971	9605902
103	1543081465	1775178379	9605902
102	1543081408	1775177894	9605902
101	1543081090	1775175504	9605902
100	1543081084	1775175479	9605902
99	1543003864	1774840766	9646251
98	1542921979	1774500149	9646251
97	1542921977	1774500128	9646251
96	1542899026	1774408848	9646251
95	1542883049	1774334592	9646251
94	1542850277	1774227421	9646251
93	1542850269	1774227306	9646251
92	1542836053	1774159618	9646251
91	1542375576	1772413098	9605902
90	1542375575	1772413079	9605902
89	1542261798	1771885878	9605902
88	1542261551	1771884166	9605902
87	1542241498	1771816831	9646251
86	1542241383	1771816298	9646251
85	1542241339	1771816156	9646251
84	1542241238	1771815829	9646251
83	1542187234	1771650423	9605902
82	1542162415	1771535062	9646251
81	1542162393	1771534834	9646251
80	1542150348	1771478770	9605902
79	1542091929	1771196843	9646251
78	1542091700	1771195904	9605902
77	1542079731	1771129415	9646251
76	1542065595	1771049035	9646251
75	1541936119	1770782727	9605902
74	1541936106	1770782699	9605902
73	1541615263	1769485076	9605902
72	1541612198	1769473637	9605902
71	1541593443	1769390839	9605902
70	1541535642	1769095067	9370505
69	1541511076	1768966825	9605902
68	1541364821	1768185831	9605902
67	1541364675	1768185346	9605902
66	1541364669	1768185309	9605902
65	1541364662	1768185260	9605902
64	1541012011	1766660302	8154962
63	1540928726	1766509031	9605902
62	1540928684	1766508972	9605902
61	1540901918	1766454836	9605902
60	1540901776	1766453894	9605902
59	1540901720	1766453460	9605902
58	1540901688	1766453107	9605902
57	1540853689	1766352185	9605902
56	1540817165	1766289852	9605902
55	1540817052	1766289680	9605902
54	1540806422	1766272056	9646251
53	1540467319	1765325249	9605902
52	1540415517	1765249093	9646251
51	1540410418	1765240608	9646251
50	1540401647	1765223748	9605902
49	1540400439	1765221371	9605902
48	1540400105	1765220686	9605902
47	1540399799	1765220206	9605902
46	1540399306	1765219426	9646251
45	1540343360	1765138242	9646251
44	1540308428	1765054180	9605902
43	1540308397	1765053848	9605902
42	1540308273	1765052660	9605902
41	1540308167	1765051964	9605902
40	1540308019	1765050955	9605902
39	1540167461	1764733175	9646251
38	1540102521	1764565709	9646251
37	1540098536	1764547649	9646251
36	1539942408	1764205980	9605902
35	1539935610	1764188776	9646251
34	1539715055	1763519723	9605902
33	1539714714	1763516772	9605902
32	1539714185	1763512893	9605902
31	1539697831	1763427159	9605902
30	1539697822	1763427014	9605902
29	1539548214	1763296968	8154962
28	1539453700	1763105740	9646251
27	1539158017	1762655692	9646251
26	1537130732	1761968477	9646251
25	1537126080	1761956487	9646251
24	1537126030	1761956180	9646251
23	1535602330	1761786647	9646251
22	1535543072	1761781352	9646251
21	1534590879	1761702598	9605902
20	1534590528	1761702573	9605902
19	1533767165	1761511526	9646251
18	1533135728	1761008076	9646251
17	1532964079	1760211933	9646251
16	1532677436	1759625760	9646251
15	1532677405	1759625587	9646251
14	1532677211	1759624559	9646251
13	1532668955	1759587794	8154962
12	1532667992	1759586003	8154962
11	1532638004	1759536680	9646251
10	1532637328	1759533265	9646251
9	1532637314	1759533127	9646251
8	1532616760	1759467850	9646251
7	1532613948	1759455586	9646251
6	1532613748	1759454571	9646251
5	1532613723	1759454444	9646251
4	1532613697	1759454272	9646251
3	1532608617	1759428842	8154962
2	1532569800	1759281198	9646251
1	1532569773	1759281040	9646251
0	1532569218	1759278337	9646251
