slug: negative-levels
title: "Negative Levels"
tags: []
20	1543326309	1776108497	9605902
19	1543120283	1775344748	9605902
18	1542392349	1772501981	9605902
17	1541983189	1770851034	9370505
16	1541982803	1770850855	9370505
15	1541801714	1770337263	9370505
14	1541538010	1769107354	9370505
13	1541405291	1768465992	9370505
12	1541397175	1768400418	9370505
11	1541389910	1768354303	9370505
10	1541389860	1768353863	9370505
9	1541381077	1768296545	9370505
8	1541381067	1768296395	9370505
7	1541378389	1768274729	9370505
6	1540113442	1764616586	9605902
5	1539912097	1764138174	9646251
4	1539714594	1763515976	9605902
3	1539714592	1763515960	9605902
2	1539714296	1763513627	9605902
1	1532686582	1759664719	8154962
0	1532668650	1759587193	8154962
