slug: component:financial-theme
title: "Financial Theme"
tags: ["theme"]
23	1358141451	1607121656	3118961
22	1358141444	1607121613	3118961
21	1358141442	1607121605	3118961
20	1358141438	1607121594	3118961
19	1358141288	1607120686	3118961
18	1358141285	1607120672	3118961
17	1033781794	1578609294	2776183
16	904428067	1565980141	3118961
15	904427439	1565979529	3118961
14	898997619	1564864544	1315056
13	898997610	1564864477	1315056
12	892562453	1563338301	4584404
11	892562354	1563337822	4584404
10	838253232	1557878488	4584404
9	838249224	1557878410	4584404
8	835774942	1557794103	4584404
7	751334853	1555354039	2241229
6	718214927	1554297155	2241229
5	634384905	1548197733	3646714
4	634379761	1548197644	3646714
3	634373678	1548197500	3646714
2	634372972	1548197477	3646714
1	634371420	1548197438	3646714
0	634368601	1548197374	3646714
