slug: test-pages
title: "Список тестовых страниц"
tags: []
41	1524449495	1725706125	8950112
40	1512634716	1690768210	6284291
39	1459790623	1649070890	754405
38	1387862187	1640484842	7781329
37	1387608851	1639756894	7310155
36	1379990094	1633800817	6800964
35	1367244399	1627374078	1305734
34	1357635722	1605431501	6480668
33	1084386878	1588553360	6069031
32	1084249636	1588417979	6157074
31	904455210	1566069402	2165167
30	149344210	1538297960	4691548
29	148118162	1537653590	2785939
28	84596548	1496599250	3154805
27	76576619	1469359094	1305734
26	76572723	1469320827	2532662
25	76273210	1467657246	754405
24	76273207	1467657231	754405
23	75995622	1466412084	2771785
22	75828793	1465485186	2532662
21	70497441	1459141140	2532662
20	70228668	1458823900	754405
19	70195849	1458793290	2532662
18	66907639	1455525851	754405
17	66717459	1454988677	2278265
16	55958464	1440433997	754405
15	55112584	1437380440	754405
14	50748201	1414921838	1964368
13	50643596	1414243238	1668541
12	50477255	1413234616	1320073
11	50082057	1411315688	1938919
10	47593901	1400594456	754405
9	44802603	1389022925	1746500
8	42800726	1381854610	1746500
7	39427868	1373438342	1669083
6	39427864	1373438186	1643912
5	39418008	1373395972	754405
4	39417956	1373395604	1643912
3	39416967	1373391814	1643912
2	39416445	1373389487	1643912
1	39416326	1373388889	754405
0	39416219	1373388715	754405
