slug: rpc-439
title: "RPC-439"
tags: ["aggression-hazard", "gamma", "kabushiki-kawaii", "mechanical-hazard", "organic-hazard", "red", "rpc", "sapient-hazard", "translated"]
33	1545200996	1783963129	7013424
32	1545200410	1783959834	7013424
31	1525395968	1729612746	5197199
30	1496163698	1665168641	6371726
29	1367259207	1627425268	3672751
28	1362064416	1617670011	2930589
27	1360142457	1614513576	7271260
26	1360142452	1614513545	7271260
25	1356852170	1602981984	2930589
24	1356852137	1602981808	2930589
23	1356852130	1602981767	2930589
22	1356852123	1602981746	2930589
21	1356852116	1602981719	2930589
20	1048443096	1584174609	4981794
19	1048439126	1584164821	6209186
18	1034414367	1580414751	2930589
17	1034013019	1579444299	5265843
16	1000666693	1575598924	1315056
15	980056847	1573325541	2930589
14	950173552	1568683212	2930589
13	950173535	1568683167	2930589
12	948528884	1568434457	2930589
11	901588566	1565579484	5258122
10	901556378	1565466991	5391461
9	901556275	1565466498	5391461
8	747666968	1555277180	2280149
7	721449131	1554744983	2930589
6	705855717	1553813144	4105536
5	683960852	1553292140	1315056
4	683509319	1553107001	2930589
3	683508810	1553105950	2930589
2	683508797	1553105927	2930589
1	683508701	1553105690	2930589
0	683508620	1553105528	2930589
