slug: rpc-054
title: "RPC-054"
tags: ["aggression-hazard", "beta", "climatological-hazard", "red", "rpc", "sapient-hazard", "translated"]
15	1530175785	1747672203	9487909
14	1513125807	1692558610	5689914
13	1513125803	1692558590	5689914
12	1496163072	1665166333	6371726
11	1360274181	1615165778	3803946
10	856048407	1560880615	3638389
9	847708185	1559401276	3803946
8	651065537	1551402526	3803946
7	537649100	1545533630	3803946
6	453667765	1544061849	3638389
5	452575869	1544029955	2773416
4	452575868	1544029946	2773416
3	450242187	1543973535	3803946
2	449514792	1543962829	3803946
1	449491245	1543962521	3803946
0	449439510	1543961808	3803946
