slug: materials
title: "Вещества и материалы"
tags: []
25	921069193	1567285213	754405
24	436879365	1543525217	754405
23	110636439	1524171609	754405
22	56752847	1443632457	754405
21	49310472	1408396245	754405
20	48989574	1406815238	754405
19	47567518	1400438353	754405
18	46891953	1396827652	754405
17	46739318	1396274670	754405
16	46489010	1395329067	754405
15	45580448	1391960468	754405
14	45122700	1390236062	754405
13	44156165	1386515589	754405
12	43610940	1384539131	754405
11	43168715	1382991553	754405
10	41089963	1378177961	754405
9	41089805	1378177699	754405
8	41089447	1378176317	754405
7	38821815	1371415364	754405
6	38821803	1371415263	754405
5	38637112	1370805404	754405
4	38438246	1370125588	754405
3	38236401	1369338635	754405
2	38236390	1369338531	754405
1	29116230	1330728389	754405
0	29116228	1330728376	754405
