slug: rpc-445
title: "RPC-445"
tags: ["caribbean-deep", "caribbean-deep-format", "rpc", "translated"]
32	1541201518	1767204260	9487909
31	1541201513	1767204244	9487909
30	1495789289	1664118811	7271260
29	1495785925	1664108553	5519772
28	1495782785	1664099588	5519772
27	1495782781	1664099573	5519772
26	1495782777	1664099557	5519772
25	1495782285	1664097732	5519772
24	1495782185	1664097634	5519772
23	1495782183	1664097618	5519772
22	1495701133	1663922576	7803981
21	1495695560	1663901910	4981794
20	1495689521	1663869561	5519772
19	1495681946	1663853434	5519772
18	1495660303	1663798793	5519772
17	1495660299	1663798759	5519772
16	1495659088	1663793649	5519772
15	1495659056	1663793494	5519772
14	1495658985	1663793226	5519772
13	1495658970	1663793117	5519772
12	1495658913	1663792809	3672751
11	1495658910	1663792784	3672751
10	1495658808	1663792474	3638389
9	1495658805	1663792430	3638389
8	1495658777	1663792238	5519772
7	1495658649	1663791941	5519772
6	1495658636	1663791880	3638389
5	1495658566	1663791796	3638389
4	1495658489	1663791491	5519772
3	1495658368	1663791065	5519772
2	1495658355	1663790966	5519772
1	1495658209	1663790617	5519772
0	1495658200	1663790559	5519772
