slug: der-fischer-und-die-magische-leiche
title: "Der Fischer Und Die Magische Leiche"
tags: ["caribbean-deep", "caribbean-deep-format", "eventwinner", "tale", "translated"]
16	1541201540	1767204357	9487909
15	1541201536	1767204342	9487909
14	1514547145	1696500145	4981794
13	1508570966	1678929032	5982545
12	1505313268	1671732587	4318134
11	1505313267	1671732568	4318134
10	1496119977	1665095112	4318134
9	1496087157	1664990310	5258122
8	1495845101	1664315334	4318134
7	1495845086	1664315275	4318134
6	1495798464	1664151115	4318134
5	1495666272	1663819715	4318134
4	1495666144	1663819389	4318134
3	1495666079	1663819097	3118961
2	1495666027	1663818978	4318134
1	1495666020	1663818908	4318134
0	1495666019	1663818889	4318134
