slug: fragment:929-2
title: "RPC-929"
tags: []
58	1531843501	1756476996	4330657
57	1508287474	1677928334	8310653
56	1496610645	1666341896	4330657
55	1496555606	1666242410	4330657
54	1496553894	1666232427	4330657
53	1496553892	1666232422	4330657
52	1496553891	1666232417	4330657
51	1496553889	1666232412	4330657
50	1496553888	1666232407	4330657
49	1496553887	1666232402	4330657
48	1496553885	1666232395	4330657
47	1496553884	1666232390	4330657
46	1496553883	1666232385	4330657
45	1496553881	1666232380	4330657
44	1496553880	1666232375	4330657
43	1496553877	1666232370	4330657
42	1496553874	1666232354	4330657
41	1496553873	1666232345	4330657
40	1496553872	1666232340	4330657
39	1496553871	1666232336	4330657
38	1496553867	1666232331	4330657
37	1496553866	1666232327	4330657
36	1496553865	1666232321	4330657
35	1496553864	1666232317	4330657
34	1496553863	1666232312	4330657
33	1496553862	1666232308	4330657
32	1496553861	1666232303	4330657
31	1496553858	1666232298	4330657
30	1496553856	1666232291	4330657
29	1496553854	1666232286	4330657
28	1496553831	1666232094	4330657
27	1496553830	1666232081	4330657
26	1496553827	1666232068	4330657
25	1496553824	1666232052	4330657
24	1496553821	1666232030	4330657
23	1496553819	1666232012	4330657
22	1496553809	1666231965	4330657
21	1496553808	1666231952	4330657
20	1496553807	1666231939	4330657
19	1496553806	1666231924	4330657
18	1496553803	1666231893	4330657
17	1496553800	1666231872	4330657
16	1496553798	1666231856	4330657
15	1496553795	1666231845	4330657
14	1496553793	1666231833	4330657
13	1496553790	1666231818	4330657
12	1496553782	1666231778	4330657
11	1496553781	1666231767	4330657
10	1496553778	1666231751	4330657
9	1496553776	1666231737	4330657
8	1496553774	1666231712	4330657
7	1496553772	1666231698	4330657
6	1496553770	1666231687	4330657
5	1496553766	1666231671	4330657
4	1496553762	1666231634	4330657
3	1496553759	1666231620	4330657
2	1496553750	1666231481	4330657
1	1496553694	1666231273	4330657
0	1496553686	1666231227	4330657
