slug: rpc-356
title: "RPC-356"
tags: ["aggression-hazard", "ballistic-hazard", "cair-aisling", "children-of-nihil", "destabilization-hazard", "ecological-hazard", "gamma", "immeasurable-hazard", "purple", "rpc", "sapient-hazard"]
21	1523011546	1720811954	4315330
20	1514546896	1696499813	4981794
19	1514546886	1696499782	4981794
18	1505426078	1672009056	6371726
17	1504870172	1670967294	1619464
16	1504870162	1670967234	1619464
15	1504870143	1670967130	1619464
14	1497961564	1669953150	1619464
13	1497526302	1668641127	7803981
12	1497178890	1667614866	1619464
11	1497178888	1667614851	1619464
10	1497131189	1667450493	1619464
9	1497130994	1667449675	1619464
8	1497130923	1667449455	1619464
7	1497130914	1667449428	1619464
6	1496942599	1666802263	1619464
5	1496616873	1666369732	1619464
4	1496616856	1666369649	1619464
3	1496616843	1666369579	1619464
2	1496554555	1666236686	1619464
1	1496554115	1666234381	1619464
0	1496554112	1666234360	1619464
