slug: rpc-925
title: "RPC-925"
tags: ["alpha", "bio-hazard", "emotional-hazard", "ideological-hazard", "memory-alteration-hazard", "nucorp", "rpc", "sensory-hazard", "white"]
25	1532248931	1757679714	5982545
24	1387987009	1641240423	2818841
23	897909350	1564705620	3118961
22	889440056	1563058634	3638389
21	889437373	1563058569	3638389
20	889436186	1563058546	3638389
19	856092404	1560882149	3638389
18	683349444	1552897615	4268005
17	683349419	1552897506	4268005
16	650482155	1551133511	2880389
15	641786447	1549933396	4268005
14	641786243	1549932840	4268005
13	641785589	1549930999	4268005
12	641785557	1549930860	4268005
11	425650582	1543126277	4268005
10	425650457	1543126239	4268005
9	414470445	1542727139	3992967
8	367017177	1541817098	3638389
7	367017141	1541817069	3638389
6	367007000	1541805155	3952836
5	316015680	1540853872	2773416
4	286961509	1540509333	3207272
3	274581862	1540392960	3646714
2	274569433	1540392917	3646714
1	268398429	1540370568	4268005
0	268204807	1540369980	4268005
