slug: dimensional-research-division
title: "Dimensional Research Division."
tags: []
245	1542650853	1773482875	6602770
244	1527822505	1739646278	6602770
243	1527822490	1739646167	6602770
242	1527822484	1739646112	6602770
241	1520930606	1718385303	6602770
240	1513736336	1693962285	6602770
239	1511736030	1688186720	6602770
238	1511387866	1687133401	6602770
237	1511387849	1687133374	6602770
236	1511386784	1687131220	6602770
235	1511353603	1687025428	6602770
234	1511328906	1686935251	6602770
233	1511318117	1686900095	6602770
232	1511310093	1686859064	6602770
231	1511284475	1686747270	6602770
230	1511284374	1686746776	6602770
229	1511284366	1686746745	6602770
228	1511281092	1686731686	6602770
227	1509945427	1682891434	6602770
226	1509945386	1682891172	6602770
225	1509748562	1682372449	6602770
224	1509748559	1682372419	6602770
223	1509745603	1682354736	6602770
222	1509547628	1681675905	6602770
221	1509374816	1681133124	6602770
220	1509132620	1680361417	6602770
219	1508626095	1679114484	6602770
218	1508550293	1678812260	6602770
217	1508523222	1678684861	6602770
216	1508523198	1678684762	6602770
215	1508503782	1678600276	6602770
214	1508503774	1678600250	6602770
213	1508398732	1678437989	6602770
212	1508398403	1678435452	6602770
211	1508325542	1678075028	6602770
210	1508325529	1678074961	6602770
209	1508325519	1678074885	6602770
208	1508325517	1678074855	6602770
207	1508250322	1677731402	6602770
206	1508250318	1677731372	6602770
205	1508155208	1677566736	6602770
204	1507821956	1676749825	6602770
203	1507629757	1676180248	6602770
202	1507629277	1676179082	6602770
201	1507628959	1676178317	6602770
200	1507589032	1676048819	6602770
199	1507589011	1676048745	6602770
198	1507577746	1676021944	6602770
197	1507218721	1675450160	6602770
196	1507217287	1675448266	6602770
195	1506991276	1674837428	6602770
194	1506569930	1673829375	6602770
193	1506439727	1673388787	6602770
192	1506305314	1672895932	6602770
191	1506305093	1672895330	6602770
190	1506304716	1672893946	6602770
189	1505388037	1671989506	6602770
188	1505377789	1671931234	6602770
187	1505377588	1671929173	6602770
186	1505231796	1671478434	6602770
185	1505231178	1671476446	6602770
184	1505086744	1671226528	6602770
183	1498294763	1670824804	6602770
182	1498268986	1670730418	6602770
181	1497996812	1670096470	6602770
180	1497976903	1670010612	6602770
179	1497976873	1670010261	6602770
178	1497976775	1670009698	6602770
177	1497960569	1669949893	6165873
176	1497959771	1669947319	6165873
175	1497959759	1669947276	6165873
174	1497959744	1669947211	6165873
173	1497959693	1669947133	6165873
172	1497931504	1669829369	6602770
171	1497917441	1669785662	6602770
170	1497917401	1669785497	6602770
169	1497917219	1669784855	6602770
168	1497917152	1669784663	6602770
167	1497897878	1669701824	6602770
166	1497858030	1669526986	6602770
165	1497857987	1669526812	6602770
164	1497794839	1669305333	6602770
163	1497794810	1669305191	6602770
162	1497794803	1669305162	6602770
161	1497781145	1669256251	6602770
160	1497757214	1669133335	6602770
159	1497757210	1669133311	6602770
158	1497643591	1668965751	6602770
157	1497643561	1668965559	6602770
156	1497631407	1668920177	6602770
155	1497631237	1668919554	6602770
154	1497631220	1668919492	6602770
153	1497630744	1668917606	6602770
152	1497630736	1668917565	6602770
151	1497630559	1668917213	6602770
150	1497630497	1668917095	6602770
149	1497630426	1668916850	6602770
148	1497630389	1668916703	6602770
147	1497630377	1668916662	6602770
146	1497630369	1668916609	6602770
145	1497589206	1668795386	6602770
144	1497589199	1668795329	6602770
143	1497589169	1668795179	6602770
142	1497589151	1668795058	6602770
141	1497588612	1668792802	6602770
140	1497588600	1668792728	6602770
139	1497588568	1668792537	6602770
138	1497588553	1668792468	6602770
137	1497587396	1668787561	6602770
136	1497587289	1668787177	6602770
135	1497548675	1668716747	6602770
134	1497548654	1668716687	6602770
133	1497491042	1668581333	6602770
132	1497491036	1668581297	6602770
131	1497490874	1668580958	6602770
130	1497490867	1668580912	6602770
129	1497490808	1668580691	6602770
128	1497489731	1668575918	6602770
127	1497485945	1668561146	6602770
126	1497485881	1668561102	6602770
125	1497485780	1668560434	6602770
124	1497485755	1668560257	6602770
123	1497485728	1668560082	6602770
122	1497485684	1668559970	6602770
121	1497484776	1668556050	6602770
120	1497484724	1668555835	6602770
119	1497484720	1668555806	6602770
118	1497484661	1668555596	6602770
117	1497484654	1668555556	6602770
116	1497482463	1668546259	6602770
115	1497482457	1668546211	6602770
114	1497482448	1668546134	6602770
113	1497481837	1668543729	6602770
112	1497481826	1668543695	6602770
111	1497481817	1668543656	6602770
110	1497481193	1668541403	6602770
109	1497481180	1668541353	6602770
108	1497481163	1668541306	6602770
107	1497481149	1668541251	6602770
106	1497481083	1668541110	6602770
105	1497481079	1668541095	6602770
104	1497480627	1668540253	6602770
103	1497480619	1668540227	6602770
102	1497480543	1668540007	6602770
101	1497480536	1668539976	6602770
100	1497480498	1668539938	6602770
99	1497480481	1668539839	6602770
98	1497362336	1668310407	6602770
97	1497192536	1667662643	6602770
96	1497049808	1667150329	6602770
95	1496912141	1666766313	6602770
94	1496911919	1666765286	6602770
93	1496911913	1666765244	6602770
92	1496911906	1666765210	6602770
91	1496911499	1666763080	6602770
90	1496710843	1666505161	6602770
89	1496554753	1666237900	6602770
88	1496179986	1665242980	6602770
87	1496179973	1665242887	6602770
86	1495961165	1664669421	6602770
85	1495960348	1664665697	6602770
84	1495960313	1664665474	6602770
83	1495960298	1664665387	6602770
82	1495960235	1664665179	6602770
81	1495934250	1664594952	6602770
80	1495934117	1664594534	6602770
79	1495934112	1664594512	6602770
78	1495904085	1664486474	6602770
77	1495904059	1664486273	6602770
76	1495864063	1664382938	6602770
75	1495864046	1664382857	6602770
74	1494962743	1662325880	6602770
73	1494465575	1661948769	6602770
72	1494334946	1661908069	6602770
71	1494334867	1661907760	6602770
70	1494334846	1661907552	6602770
69	1494334839	1661907507	6602770
68	1494334773	1661907257	6602770
67	1494334757	1661907149	6602770
66	1494333295	1661900845	6602770
65	1494333262	1661900757	6602770
64	1494333249	1661900659	6602770
63	1494329928	1661884160	6602770
62	1488486530	1661614719	6602770
61	1488486526	1661614690	6602770
60	1488486513	1661614627	6602770
59	1488462086	1661531197	6602770
58	1488460716	1661526332	6602770
57	1488459628	1661524240	6602770
56	1486832569	1661492702	6602770
55	1486832521	1661492353	6602770
54	1486832479	1661492305	6602770
53	1486832070	1661490640	6602770
52	1486832064	1661490563	6602770
51	1486832059	1661490505	6602770
50	1486831698	1661488961	6602770
49	1486826164	1661467368	6602770
48	1486826019	1661466976	6602770
47	1486825818	1661466015	6602770
46	1480156964	1661033045	6602770
45	1480048326	1660598439	6602770
44	1480048252	1660598022	6602770
43	1479920346	1660255625	6602770
42	1479920170	1660254104	6602770
41	1479846342	1660099579	6602770
40	1479660520	1659819292	6602770
39	1479533409	1659554311	6602770
38	1479533278	1659553600	6602770
37	1479533256	1659553526	6602770
36	1479533241	1659553459	6602770
35	1479533208	1659553331	6602770
34	1479532257	1659549272	6602770
33	1479532155	1659548799	6602770
32	1479532031	1659548433	6602770
31	1479519066	1659494638	6602770
30	1479518989	1659494202	6602770
29	1479518982	1659494164	6602770
28	1479518971	1659494098	6602770
27	1479518950	1659493994	6602770
26	1479518942	1659493939	6602770
25	1479518937	1659493880	6602770
24	1479518931	1659493820	6602770
23	1479518921	1659493751	6602770
22	1479518912	1659493719	6602770
21	1479518893	1659493644	6602770
20	1479518874	1659493544	6602770
19	1479518720	1659492986	6602770
18	1479518524	1659492552	6602770
17	1479517147	1659486844	6602770
16	1479515509	1659478062	6602770
15	1479515133	1659475993	6602770
14	1479513970	1659470149	6602770
13	1479513884	1659469648	6602770
12	1479513868	1659469470	6602770
11	1479513863	1659469411	6602770
10	1479513851	1659469332	6602770
9	1479513769	1659468736	6602770
8	1479513633	1659468068	6602770
7	1479513618	1659467994	6602770
6	1479513392	1659466953	6602770
5	1479513340	1659466706	6602770
4	1479513195	1659466435	6602770
3	1479513172	1659466353	6602770
2	1479513166	1659466323	6602770
1	1479513000	1659465595	6602770
0	1479512315	1659462878	6602770
