slug: civilizations-index
title: "Civilization’s Index"
tags: []
97	1543022358	1774925801	6602770
96	1543022319	1774925592	6602770
95	1543022277	1774925540	6602770
94	1542649319	1773479715	6602770
93	1541631249	1769574895	6602770
92	1513818142	1694197725	6602770
91	1513813022	1694179866	6602770
90	1513812931	1694179717	6602770
89	1513672583	1693675509	6602770
88	1513672573	1693675451	6602770
87	1513672331	1693674585	6602770
86	1513672047	1693673492	6602770
85	1513671454	1693670910	6602770
84	1513670743	1693668789	6602770
83	1511798247	1688358658	6602770
82	1511795850	1688351977	6602770
81	1511672637	1688012270	6602770
80	1511672606	1688012149	6602770
79	1511009433	1685938465	6602770
78	1510894929	1685726855	6602770
77	1510646468	1685509741	6602770
76	1510646384	1685509294	6602770
75	1508909251	1679679601	6602770
74	1508909238	1679679539	6602770
73	1508629929	1679124864	6602770
72	1508559035	1678864489	6602770
71	1508516703	1678648651	6602770
70	1507339286	1675701076	6602770
69	1507288014	1675667410	6602770
68	1507288007	1675667374	6602770
67	1507287996	1675667343	6602770
66	1507287986	1675667299	6602770
65	1507287903	1675667191	6602770
64	1507287857	1675667112	6602770
63	1507287833	1675666992	6602770
62	1507287794	1675666693	6602770
61	1507287703	1675666590	6602770
60	1507287699	1675666551	6602770
59	1507287692	1675666480	6602770
58	1507287665	1675666368	6602770
57	1507287659	1675666327	6602770
56	1507281989	1675648692	6602770
55	1507281970	1675648645	6602770
54	1507281950	1675648548	6602770
53	1506631323	1674070665	6602770
52	1506625964	1674052641	6602770
51	1498037774	1670283081	6602770
50	1497643618	1668965913	6602770
49	1497278480	1668017551	6602770
48	1497278412	1668017268	6602770
47	1497278283	1668016696	6602770
46	1497278245	1668016386	6602770
45	1497278234	1668016283	6602770
44	1497278230	1668016258	6602770
43	1497278076	1668015742	6602770
42	1497278072	1668015713	6602770
41	1497274993	1668004954	6602770
40	1497274847	1668004563	6602770
39	1497273261	1667999942	6602770
38	1497273074	1667999098	6602770
37	1497273032	1667999011	6602770
36	1497273026	1667998980	6602770
35	1497272987	1667998921	6602770
34	1497256701	1667925585	6602770
33	1497237738	1667842901	6602770
32	1497237664	1667842358	6602770
31	1497234351	1667832175	6602770
30	1497234323	1667832027	6602770
29	1497233961	1667830503	6602770
28	1497192989	1667664724	6602770
27	1497130181	1667446262	6602770
26	1497130048	1667445453	6602770
25	1497129922	1667445115	6602770
24	1497129694	1667444318	6602770
23	1496316206	1665681925	6602770
22	1496315548	1665678826	6602770
21	1496312464	1665668160	6602770
20	1496312352	1665667773	6602770
19	1496312327	1665667648	6602770
18	1496312274	1665667478	6602770
17	1496311274	1665663938	6602770
16	1496300951	1665627954	6602770
15	1496300861	1665627756	6602770
14	1496298493	1665617251	6602770
13	1496298344	1665616549	6602770
12	1496298329	1665616467	6602770
11	1496117093	1665084243	6602770
10	1485622981	1661370236	6602770
9	1485622935	1661369878	6602770
8	1485622678	1661368475	6602770
7	1479952706	1660350598	6602770
6	1479865566	1660176547	6602770
5	1479865563	1660176532	6602770
4	1479865557	1660176464	6602770
3	1479865552	1660176413	6602770
2	1479865549	1660176397	6602770
1	1479865545	1660176372	6602770
0	1479865451	1660176046	6602770
