slug: group-index
title: "Group Index"
tags: []
76	1542944381	1774618639	6602770
75	1542944352	1774618485	6602770
74	1542652594	1773487155	6602770
73	1542650148	1773481636	6602770
72	1542649616	1773480494	6602770
71	1527828854	1739682080	6602770
70	1527828831	1739681979	6602770
69	1527731215	1739250181	6602770
68	1525982045	1732572777	6602770
67	1525981889	1732571320	6602770
66	1525981855	1732570895	6602770
65	1513817957	1694196919	6602770
64	1513817937	1694196837	6602770
63	1511490263	1687416001	6602770
62	1511490244	1687415912	6602770
61	1511387945	1687133580	6602770
60	1511387924	1687133518	6602770
59	1511361918	1687068332	6602770
58	1511361908	1687068289	6602770
57	1511361290	1687065938	6602770
56	1511361268	1687065849	6602770
55	1510207011	1683933114	6602770
54	1510207002	1683933061	6602770
53	1510206980	1683932935	6602770
52	1510206972	1683932883	6602770
51	1508948832	1679896742	6602770
50	1508948830	1679896722	6602770
49	1508948798	1679896297	6602770
48	1508948797	1679896273	6602770
47	1508948795	1679896249	6602770
46	1508596946	1679075638	6602770
45	1508596830	1679075095	6602770
44	1508596804	1679074915	6602770
43	1508596353	1679073183	6602770
42	1508596274	1679072820	6602770
41	1508558790	1678862491	6602770
40	1508558780	1678862377	6602770
39	1508558768	1678862267	6602770
38	1508558763	1678862225	6602770
37	1508558753	1678862136	6602770
36	1508558704	1678862042	6602770
35	1508532329	1678720236	6602770
34	1508503948	1678601013	6602770
33	1508407716	1678478043	6602770
32	1508407700	1678477831	6602770
31	1508407687	1678477676	6602770
30	1508407507	1678476788	6602770
29	1508407452	1678476396	6602770
28	1508407428	1678476181	6602770
27	1506618112	1674026373	6602770
26	1506618078	1674026261	6602770
25	1506618058	1674026207	6602770
24	1506617853	1674025486	6602770
23	1506617823	1674025410	6602770
22	1506608886	1673986916	6602770
21	1506573779	1673844368	6602770
20	1498269470	1670732482	6602770
19	1497262905	1667958435	6602770
18	1497262861	1667957948	6602770
17	1497259768	1667936395	6602770
16	1497259719	1667936089	6602770
15	1497258086	1667929251	6602770
14	1497257136	1667926748	6602770
13	1497256469	1667924297	6602770
12	1496298182	1665615506	6602770
11	1495961002	1664668424	6602770
10	1495960823	1664667671	6602770
9	1480086008	1660764645	6602770
8	1480085995	1660764565	6602770
7	1479967858	1660414775	6602770
6	1479967800	1660414609	6602770
5	1479967756	1660414337	6602770
4	1479967727	1660414172	6602770
3	1479967724	1660414157	6602770
2	1479967705	1660414026	6602770
1	1479967651	1660413752	6602770
0	1479967313	1660412736	6602770
