slug: rpc-002-arc
title: "RPC-002-ARC"
tags: ["archived-by-author", "translated"]
112	1360563986	1615846099	5689914
111	1355934760	1600544761	3118961
110	1215290143	1593649460	3118961
109	1073297206	1586745529	3118961
108	1050911583	1584995643	3118961
107	1050908402	1584988987	3118961
106	1050908049	1584988209	3118961
105	1050907867	1584987811	1315056
104	1050907847	1584987763	1315056
103	1048147309	1583618545	3952836
102	1047587067	1583117735	3638389
101	1047587036	1583117567	5212742
100	1034457290	1580521501	5144679
99	1034457283	1580521457	5144679
98	1033742049	1578437218	4320656
97	1033647906	1578003811	4383328
96	1033646195	1577995728	4383328
95	1026215204	1576558610	3118961
94	1026003556	1576556126	5148683
93	946022397	1568162861	3952836
92	933662360	1567559795	3118961
91	904560807	1566266768	3638389
90	904560772	1566266742	3638389
89	900956285	1565417517	4315330
88	848851995	1560524870	3970162
87	848851986	1560524803	3970162
86	844955279	1558230240	3118961
85	806369892	1556629042	4076346
84	805569287	1556515332	3646714
83	718464879	1554315519	4548098
82	718464826	1554315453	4548098
81	718463574	1554314362	4365296
80	683284508	1552742016	3970162
79	683284380	1552741658	3970162
78	683284261	1552741400	3970162
77	682075571	1552361113	4583766
76	676768523	1551998168	3970162
75	666688883	1551753722	1315056
74	666591638	1551752573	5208732
73	644591286	1550384382	2280149
72	625434962	1548040536	3078493
71	616297882	1547882148	4304662
70	357747418	1541639161	2773416
69	354276976	1541558094	2773416
68	343726905	1541056087	3638389
67	343468033	1541053634	4464984
66	343464534	1541053516	2906223
65	343461053	1541053309	4464984
64	234876027	1540078473	3638389
63	213505326	1539809584	3952836
62	212402695	1539745891	4695861
61	167237269	1539019245	2947029
60	164117694	1538950955	4279706
59	164117071	1538950943	4279706
58	164102515	1538950616	4279706
57	164100669	1538950572	4279706
56	164082156	1538950203	4279706
55	146917374	1536053541	3992967
54	146909501	1536030512	4267177
53	146909463	1536030428	4267177
52	146909420	1536030280	4267177
51	146909418	1536030264	4267177
50	146716722	1535835891	2773416
49	136512681	1533184574	3702925
48	136057662	1533046013	4240294
47	136057538	1533045995	4240294
46	136056356	1533045425	4240294
45	136034007	1533023094	2773416
44	136033861	1533022887	2773416
43	135211841	1532721912	3988366
42	133608854	1532197201	4240294
41	133608738	1532197123	4240294
40	133608679	1532197075	4240294
39	133608634	1532197062	4240294
38	133497535	1532150290	2773416
37	133497522	1532150277	2773416
36	133445053	1532117727	2906223
35	132581082	1531604382	3992967
34	132162064	1531497155	3992967
33	132161980	1531497103	3992967
32	131084054	1530899611	1720033
31	130205182	1530593698	2773416
30	129208369	1530271693	4297720
29	129099971	1530253213	4286330
28	128402246	1530068604	4292391
27	128401127	1530068100	4267106
26	128350573	1530044384	3970162
25	128350067	1530044212	3970162
24	128350062	1530044202	3970162
23	128349781	1530044121	3970162
22	128349676	1530044069	3970162
21	128349565	1530044046	3970162
20	127969434	1529878498	4240294
19	127969422	1529878490	4240294
18	127969197	1529878398	4240294
17	127602013	1529733649	3646714
16	127213060	1529611482	1574054
15	127205997	1529610230	2773416
14	127124773	1529597223	4240294
13	127124318	1529597141	4240294
12	127124043	1529597077	4240294
11	126735661	1529520575	4240294
10	126709997	1529516146	2773416
9	126278726	1529428310	4240294
8	125830307	1529216167	4240294
7	125597975	1529118746	4240294
6	125596026	1529113852	4240294
5	125595998	1529113792	4240294
4	125375566	1529009656	4240294
3	125373474	1529007066	4240294
2	125371058	1529004824	4240294
1	125371023	1529004787	4240294
0	125370986	1529004765	4240294
