slug: office-of-financial-affairs
title: "Office Of Financial Affairs"
tags: ["hub", "lore"]
26	1523254107	1722111898	5982545
25	1523253221	1722105920	3638389
24	1364898095	1620200306	4584404
23	1364898034	1620200012	4584404
22	1364893001	1620177713	4584404
21	1364892874	1620177197	4584404
20	968458303	1571409893	5258122
19	968456623	1571409771	5258122
18	898985975	1564819356	4681073
17	849972669	1560556175	4584404
16	849968369	1560556078	4584404
15	847769399	1559684542	4584404
14	847716268	1559443896	3952836
13	847696105	1559348331	4584404
12	835004351	1557366973	4584404
11	802016103	1556071568	3118961
10	717734727	1554281592	4584404
9	641881442	1550206295	4584404
8	641734412	1549786809	4981794
7	641612338	1549536739	4584404
6	641612280	1549536676	4584404
5	641537582	1549360409	4584404
4	641537420	1549360155	4584404
3	634819910	1548204378	4584404
2	634815020	1548204323	4584404
1	634394751	1548197831	3646714
0	634392649	1548197804	3646714
