slug: rpc-612
title: "RPC-612"
tags: ["gamma", "memory-alteration-hazard", "purple", "rpc", "teleportation-hazard", "temporal-hazard", "transmutation-hazard"]
36	1523268421	1722213486	3050074
35	1523268418	1722213473	3050074
34	1496966588	1666902119	2818841
33	1496945421	1666811438	5982545
32	1496940181	1666793499	2818841
31	1496939944	1666792893	2818841
30	1496939851	1666792724	2818841
29	1496939595	1666791776	2818841
28	1496317580	1665688169	5982545
27	1476198050	1656956310	2818841
26	1476197968	1656955998	2818841
25	1389060510	1645731609	2818841
24	1389060475	1645731320	2818841
23	1389060206	1645729388	2818841
22	1387391673	1639074994	2818841
21	1387147114	1638210947	2818841
20	1379168842	1631032851	2818841
19	1379168838	1631032832	2818841
18	1379168828	1631032769	2818841
17	1379168811	1631032679	2818841
16	1379168767	1631032646	2818841
15	1379168760	1631032595	2818841
14	1379168756	1631032564	2818841
13	1379168730	1631032399	2818841
12	1379168723	1631032352	2818841
11	1379151315	1630952162	2818841
10	1379106515	1630709931	2818841
9	1378956124	1630339963	2818841
8	1371951283	1629428980	4981794
7	1371919501	1629397781	2818841
6	1371918895	1629397414	2818841
5	1371918837	1629397393	2818841
4	1371918314	1629397023	2818841
3	1371917707	1629396654	2818841
2	1371916906	1629396146	2818841
1	1371915839	1629395444	5293995
0	1371914048	1629394360	2818841
