slug: notebook-acquired-from-the-assembly-hall
title: "Notebook Acquired From The Assembly Hall"
tags: ["acquired-media", "collaboration", "comedy", "document", "translated", "writings"]
60	1544737017	1781882250	10394044
59	1544725659	1781838968	10394044
58	1544725517	1781838338	10394044
57	1544725507	1781838286	10394044
56	1544725503	1781838268	10394044
55	1530315977	1748704344	9487909
54	1529614956	1745686570	5982545
53	1525547776	1730507387	5982545
52	1523153945	1721587759	5982545
51	1523153943	1721587746	5982545
50	1523153772	1721586271	5982545
49	1523153770	1721586263	5982545
48	1523082871	1721249025	5982545
47	1523082870	1721249012	5982545
46	1460213277	1650234001	3638389
45	1460213272	1650233979	3638389
44	1460150321	1650100262	4330657
43	1460150281	1650100074	4330657
42	1459958990	1649421207	5716946
41	1459958887	1649420689	5716946
40	1459958814	1649420499	5716946
39	1388269372	1642417561	3038828
38	1388269368	1642417543	3038828
37	1379432230	1631834160	2765984
36	1379199965	1631147650	7299722
35	1379199958	1631147600	7299722
34	1378565517	1630207761	5255092
33	1378507774	1630152697	7501070
32	1373160386	1629962497	4315330
31	1373149882	1629962342	4315330
30	1373108933	1629962021	4315330
29	1372939664	1629948021	4330657
28	1372612676	1629915405	7501070
27	1372612369	1629915307	7501070
26	1372611943	1629915174	7501070
25	1372610554	1629914737	7501070
24	1372610071	1629914591	7501070
23	1372609136	1629914306	7501070
22	1372424302	1629861740	5255092
21	1372376574	1629846849	4433848
20	1372376107	1629846703	4433848
19	1372343462	1629836595	4433848
18	1372343349	1629836562	4433848
17	1372159704	1629780685	4315330
16	1372076178	1629754238	4330657
15	1372076097	1629754212	4330657
14	1372020391	1629737012	4330657
13	1372009598	1629708801	5716946
12	1372006260	1629694212	4330657
11	1372005969	1629692259	2818841
10	1372005939	1629692036	4981794
9	1372005657	1629690312	4330657
8	1372005656	1629690293	4330657
7	1372000458	1629660091	6481401
6	1372000419	1629659794	6481401
5	1372000404	1629659642	6481401
4	1372000400	1629659618	6481401
3	1372000380	1629659392	6481401
2	1372000376	1629659356	6481401
1	1371986092	1629605888	4330657
0	1371986045	1629605489	4330657
