slug: document-ar-114
title: "Document-AR-114"
tags: ["collaboration", "supplemental"]
13	1360462758	1615514252	3323177
12	1318791002	1599224666	3323177
11	1318790995	1599224626	3323177
10	1318790932	1599224559	3323177
9	1214989874	1592521852	3323177
8	1214989865	1592521762	3323177
7	1134655963	1590395840	4320656
6	1134644210	1590395756	4320656
5	1134641147	1590395733	4320656
4	1048040938	1583324874	3118961
3	1047550971	1583087266	3323177
2	1047550967	1583087236	3323177
1	1047550951	1583087167	3323177
0	1047550944	1583087144	3323177
