slug: rpc-001-1
title: "The Primordial Womb & The Stillborn God"
tags: ["001", "gamma", "rpc", "top10", "translated", "utility", "white"]
53	1542712181	1773696503	10197776
52	1527143324	1736211069	9487909
51	1459474941	1647912216	7287895
50	1366397209	1623416412	3952836
49	1359713254	1612941779	6264298
48	1359713251	1612941767	6264298
47	1356108574	1601150720	5689914
46	1319839245	1599414836	3118961
45	1319839227	1599414807	3118961
44	1319839220	1599414776	3118961
43	1319839170	1599414709	3118961
42	1319839099	1599414594	3118961
41	1319839095	1599414569	3118961
40	1319803116	1599406664	3118961
39	1319803093	1599406614	3118961
38	1319708941	1599402506	3118961
37	1319415453	1599355578	6264298
36	1224188142	1594371384	6264298
35	1034412229	1580406576	3952836
34	1034412227	1580406567	3952836
33	1034281052	1580362436	5331749
32	1034281051	1580362426	5331749
31	1032431803	1576616401	5293995
30	933469785	1567557072	3118961
29	847739582	1559553584	5236217
28	823899273	1557002414	5323348
27	718904842	1554386382	3952836
26	718465088	1554315688	4548098
25	718465083	1554315672	4548098
24	718465047	1554315649	4548098
23	700355529	1553629362	4548098
22	700350702	1553629251	4548098
21	700350145	1553629157	4548098
20	700349442	1553628940	4548098
19	666707423	1551753938	1315056
18	666571702	1551752341	5208732
17	666570825	1551752330	5208732
16	666557060	1551752187	5208732
15	529099988	1545190125	3646714
14	525876875	1545112068	4558857
13	525861408	1545108601	3952836
12	525860743	1545108485	3952836
11	525860364	1545108403	3952836
10	525833558	1545102483	3952836
9	525828933	1545101456	3952836
8	139146421	1533833755	3549825
7	138830057	1533743355	4365296
6	138666398	1533686975	4240294
5	138665709	1533686822	4318942
4	138665473	1533686779	4318942
3	138665366	1533686745	4318942
2	138663130	1533686202	4318942
1	138661816	1533685896	4318942
0	138661534	1533685806	4318942
