slug: start
title: ""
tags: ["hub", "information"]
707	1545354352	1784574448	3638389
706	1545354309	1784574386	3638389
705	1545353986	1784572722	3638389
704	1545353982	1784572700	3638389
703	1544764960	1781993746	5982545
702	1543766711	1778076099	5982545
701	1542652653	1773487296	5982545
700	1542491789	1772930175	5982545
699	1541218056	1767301600	5982545
698	1539343235	1762961446	5982545
697	1532193158	1757351116	5982545
696	1531088742	1752979992	5982545
695	1530978750	1752433346	5982545
694	1530357793	1748966376	5982545
693	1530025470	1746823077	5982545
692	1529885913	1746300802	5982545
691	1529554239	1745607994	5982545
690	1529539620	1745528179	5982545
689	1529526838	1745449287	5982545
688	1529526792	1745449147	5982545
687	1529305902	1744667274	5982545
686	1529190070	1744376682	5982545
685	1528999242	1743576688	3638389
684	1528982906	1743494532	3638389
683	1527590813	1738681661	3672751
682	1526061587	1733102550	5982545
681	1525687678	1731156475	5982545
680	1525687625	1731156104	5982545
679	1525154523	1728701795	5982545
678	1525047395	1728143686	5982545
677	1525047389	1728143671	5982545
676	1525036610	1728086913	5982545
675	1524995033	1728040163	5982545
674	1524972365	1727910748	5258122
673	1524972328	1727910388	5982545
672	1524972300	1727910047	5258122
671	1524249601	1724873552	5982545
670	1523348496	1722563865	5982545
669	1523344241	1722532130	3638389
668	1523344233	1722532080	3638389
667	1523342209	1722521570	5982545
666	1523254094	1722111807	5982545
665	1523253838	1722109413	3638389
664	1523090129	1721293220	5982545
663	1521418427	1720128830	5982545
662	1521403945	1720034007	5982545
661	1521381677	1719923439	5982545
660	1520920316	1718322350	5982545
659	1520892389	1718146762	5982545
658	1519332337	1712087926	5982545
657	1519326079	1712052268	5982545
656	1519313556	1711977487	5982545
655	1518608991	1708949269	4433848
654	1517998892	1706975797	5982545
653	1517491226	1705591656	4433848
652	1516549709	1701976381	4433848
651	1515916072	1699644736	5982545
650	1515915919	1699644183	4433848
649	1515902634	1699566205	5982545
648	1515894353	1699530810	5982545
647	1515880318	1699456673	4930765
646	1515868928	1699410783	4930765
645	1515868520	1699409015	4930765
644	1515652402	1698885546	3970162
643	1514138818	1695407494	5258122
642	1514138816	1695407472	5258122
641	1514138811	1695407428	5258122
640	1514138802	1695407393	5258122
639	1514138745	1695407218	5258122
638	1514138737	1695407171	5258122
637	1514138731	1695407141	5258122
636	1514138696	1695407076	5258122
635	1514055774	1695130086	1619464
634	1514020300	1695038318	5258122
633	1513770431	1694124582	3970162
632	1513770425	1694124540	3970162
631	1513738572	1693975703	3970162
630	1513142725	1692627498	5258122
629	1512979775	1691951224	3970162
628	1512979768	1691951188	3970162
627	1512759603	1691203702	3638389
626	1512759159	1691201990	3638389
625	1512759154	1691201962	3638389
624	1512759149	1691201930	3638389
623	1511786925	1688325305	1619464
622	1511424380	1687213225	5258122
621	1511397927	1687148406	5258122
620	1511397919	1687148390	5258122
619	1511397911	1687148370	5258122
618	1510991312	1685839689	4930765
617	1510354525	1684601403	3638389
616	1510200657	1683899053	3970162
615	1510103406	1683519986	3638389
614	1509844921	1682616522	3512728
613	1509844577	1682614543	3512728
612	1509479776	1681531077	3672751
611	1509208798	1680418277	3638389
610	1509137112	1680378600	3638389
609	1509137030	1680378287	3638389
608	1509130745	1680356052	3970162
607	1509130705	1680355888	3970162
606	1509130696	1680355846	3970162
605	1509130666	1680355706	3970162
604	1509068746	1680329621	3638389
603	1509068735	1680329521	3638389
602	1508945794	1679869979	1619464
601	1508860131	1679518019	1619464
600	1508717887	1679376247	3638389
599	1508024604	1677291981	3638389
598	1508024438	1677291401	3638389
597	1508024346	1677291143	3638389
596	1507673239	1676316092	1619464
595	1507610363	1676124138	1619464
594	1507610351	1676124118	1619464
593	1507610342	1676124085	1619464
592	1507166268	1675369966	1315056
591	1507142096	1675283194	3638389
590	1507014000	1674875979	1619464
589	1506541944	1673737063	3672751
588	1506273938	1672765596	5258122
587	1506273933	1672765581	5258122
586	1506273926	1672765549	5258122
585	1506273915	1672765460	5258122
584	1505570868	1672454406	1619464
583	1505570753	1672454092	1619464
582	1505206688	1671373704	3512728
581	1498193181	1670635001	5258122
580	1498193028	1670634352	5258122
579	1498193018	1670634309	5258122
578	1498192922	1670633916	5258122
577	1498192920	1670633895	5258122
576	1498192895	1670633842	5258122
575	1498055377	1670347263	3512728
574	1497983376	1670046464	3512728
573	1497626825	1668903313	4930765
572	1497626819	1668903291	4930765
571	1497179222	1667616469	3672751
570	1496892259	1666658386	1619464
569	1496863725	1666578591	4930765
568	1496023993	1664881047	5258122
567	1496009428	1664842309	5258122
566	1496009423	1664842243	5258122
565	1496009413	1664842215	5258122
564	1496009376	1664842128	5258122
563	1496009372	1664842110	5258122
562	1495286295	1662771300	3118961
561	1488471361	1661568906	4930765
560	1479972576	1660436264	4930765
559	1479276395	1658754743	3118961
558	1479030594	1658009933	4365296
557	1479030592	1658009919	4365296
556	1475633927	1656789418	3638389
555	1461972491	1655223499	3952836
554	1460643898	1651151804	1315056
553	1460643888	1651151761	1315056
552	1460643887	1651151747	1315056
551	1460086081	1649795390	3952836
550	1460086069	1649795305	3952836
549	1460052359	1649776735	3952836
548	1460052209	1649776360	3952836
547	1459742614	1648872896	3638389
546	1459717698	1648789966	3638389
545	1459716915	1648786082	3638389
544	1390419465	1646623370	3672751
543	1390419460	1646623316	3672751
542	1390419458	1646623305	3672751
541	1390419452	1646623251	3672751
540	1390419451	1646623242	3672751
539	1389002155	1645412388	3672751
538	1389002148	1645412328	3672751
537	1389002143	1645412310	3672751
536	1388911271	1645030378	1619464
535	1388897180	1644968485	1619464
534	1388897174	1644968394	1619464
533	1388868543	1644890937	3638389
532	1388865766	1644878011	3970162
531	1388865762	1644877989	3970162
530	1388519696	1643750553	3638389
529	1388516797	1643733100	1619464
528	1388516742	1643732688	1619464
527	1388516618	1643732022	1619464
526	1388516607	1643731971	1619464
525	1388279130	1642477987	1619464
524	1388273409	1642437896	1619464
523	1388084730	1641482357	1315056
522	1388004308	1641356360	3952836
521	1387987834	1641248549	3722979
520	1387312726	1638734873	3638389
519	1387312635	1638734288	3638389
518	1387312634	1638734277	3638389
517	1387312626	1638734252	3638389
516	1386178784	1636427324	3638389
515	1386178726	1636426988	3638389
514	1386178678	1636426765	3638389
513	1386178673	1636426737	3638389
512	1386044335	1635826766	3952836
511	1379774352	1633091703	3722979
510	1379467212	1632017984	3638389
509	1379448657	1631925910	3952836
508	1379114631	1630753587	3722979
507	1367388786	1627979065	3722979
506	1367287320	1627533087	4930765
505	1367267777	1627462971	3722979
504	1366965333	1625959901	3118961
503	1366963395	1625948174	3118961
502	1366963377	1625947975	3118961
501	1366963339	1625947791	3118961
500	1366928674	1625758057	3952836
499	1366802140	1625142845	3952836
498	1366797538	1625115585	3952836
497	1366797167	1625112436	3952836
496	1366540495	1624051484	3952836
495	1366538113	1624038283	3118961
494	1366433834	1623611672	3952836
493	1366433823	1623611553	3952836
492	1366433803	1623611469	3952836
491	1366398429	1623420615	3952836
490	1366332167	1623097878	3722979
489	1365910508	1621991614	3722979
488	1365757271	1621649442	3118961
487	1365755773	1621641613	3722979
486	1365090059	1620846999	3722979
485	1364829266	1619912333	3722979
484	1364760220	1619607715	3722979
483	1360819710	1616106275	3952836
482	1360798431	1616004995	3952836
481	1360731633	1615908589	3952836
480	1360731623	1615908547	3952836
479	1360172208	1614648370	3118961
478	1360172096	1614648067	3118961
477	1360129397	1614445722	3118961
476	1359979984	1613755529	3722979
475	1359636967	1612653595	3722979
474	1359495115	1611973319	3118961
473	1359477050	1611891716	3118961
472	1359357955	1611356382	3952836
471	1359356079	1611346277	3952836
470	1359333444	1611254756	3722979
469	1358916999	1609971650	3722979
468	1358587575	1608484878	3118961
467	1358409828	1607872617	3118961
466	1358126211	1607048658	3118961
465	1357825092	1606178046	3118961
464	1357327759	1604348676	3952836
463	1357296071	1604190633	3118961
462	1357291513	1604162167	3952836
461	1357290472	1604157803	3722979
460	1357195411	1603726088	3952836
459	1357184577	1603685054	3952836
458	1356984706	1603146876	3118961
457	1356982477	1603135116	3722979
456	1356982171	1603133521	3722979
455	1356865049	1603032341	3952836
454	1356501537	1602196445	4930765
453	1356105900	1601139403	3952836
452	1356041331	1600915622	1315056
451	1318681196	1599057908	3722979
450	1318426757	1598213797	3952836
449	1311386293	1597472513	3722979
448	1311379057	1597435269	3118961
447	1311011024	1596255973	3118961
446	1311011001	1596255851	3118961
445	1311010888	1596255370	3118961
444	1309378778	1596212274	3952836
443	1297627075	1595982184	3118961
442	1297619990	1595950398	3952836
441	1289115471	1595797901	3118961
440	1229883787	1594560467	3722979
439	1224139298	1594130193	3722979
438	1224139240	1594130040	3722979
437	1215277526	1593607026	3118961
436	1215244585	1593474537	3118961
435	1215028220	1592689468	3118961
434	1215028068	1592688803	3118961
433	1215025240	1592674697	3118961
432	1215025237	1592674680	3118961
431	1208846883	1592306651	3118961
430	1207356449	1592249685	3952836
429	1207356444	1592249669	3952836
428	1203658597	1592155964	3118961
427	1185073304	1590968689	3118961
426	1185073118	1590968041	4981794
425	1184777541	1590948263	3952836
424	1182886624	1590900151	3952836
423	1131750227	1590379323	3952836
422	1125993013	1590338579	3952836
421	1096462963	1589962927	3118961
420	1096457184	1589947263	3952836
419	1089641287	1589733787	3118961
418	1089638038	1589727845	3722979
417	1084507622	1588768124	3118961
416	1084507611	1588768091	3118961
415	1084262520	1588458901	3118961
414	1084254465	1588434765	3118961
413	1075277562	1587841772	3952836
412	1073171166	1586529130	3118961
411	1073171157	1586529115	3118961
410	1070400946	1585799409	3638389
409	1066420662	1585719814	3638389
408	1066280100	1585716762	3118961
407	1066253137	1585716346	3118961
406	1066188338	1585714352	3638389
405	1066186963	1585714328	3638389
404	1066140490	1585713594	3638389
403	1064244786	1585667375	3118961
402	1056185784	1585405166	3118961
401	1051034886	1585268305	3118961
400	1050902564	1584976034	3118961
399	1048445925	1584185628	3118961
398	1048437616	1584161432	3970162
397	1048437609	1584161422	3970162
396	1048420974	1584120620	3118961
395	1048420948	1584120532	3118961
394	1048344455	1584028905	3970162
393	1048344447	1584028890	3970162
392	1048344201	1584028172	3970162
391	1048203100	1583785310	3118961
390	1047582048	1583100860	3952836
389	1047581602	1583098147	3952836
388	1046965499	1582748024	3952836
387	1046965485	1582747937	3952836
386	1046965462	1582747867	3952836
385	1046965295	1582747253	3952836
384	1046906405	1582565766	3952836
383	1046906003	1582564183	3952836
382	1046894121	1582523723	3952836
381	1043328152	1582296995	3952836
380	1043328148	1582296966	3952836
379	1035661189	1581966947	3952836
378	1034728032	1581450096	3970162
377	1034687163	1581297746	3970162
376	1034643045	1581115065	3970162
375	1034643039	1581115042	3970162
374	1034643001	1581114899	3970162
373	1034642998	1581114887	3970162
372	1033967653	1579301178	3952836
371	1033964510	1579289289	3952836
370	1033905234	1579037662	3952836
369	1033318269	1576800002	3970162
368	1033189336	1576636693	3952836
367	1012229275	1576273845	3952836
366	1012227667	1576267924	3952836
365	1012227563	1576267548	3952836
364	986416198	1574635589	3952836
363	986399349	1574549777	3970162
362	986399344	1574549753	3970162
361	986102510	1574176797	3952836
360	981923813	1573953145	3952836
359	981923796	1573953019	3952836
358	981530531	1573853962	3952836
357	980926847	1573700705	3952836
356	980926826	1573700608	3952836
355	978890769	1572922855	3970162
354	978890764	1572922839	3970162
353	975542734	1572734021	3952836
352	974761062	1572706536	3952836
351	972530913	1572623246	3952836
350	971776542	1572587547	3952836
349	971774004	1572582995	3970162
348	971773997	1572582957	3970162
347	971773996	1572582950	3970162
346	971773993	1572582939	3970162
345	971773990	1572582909	3970162
344	971773989	1572582895	3970162
343	971773988	1572582885	3970162
342	971770726	1572560878	3952836
341	971766915	1572541958	3952836
340	971766687	1572541050	3952836
339	971637486	1572119962	3952836
338	971625076	1572064783	3952836
337	971372899	1571878639	3118961
336	971372837	1571878568	3118961
335	970260041	1571691482	3952836
334	965914777	1570991327	3952836
333	963181400	1570412234	3970162
332	963129234	1570409751	3970162
331	961554298	1570038581	3952836
330	961365119	1569938023	3952836
329	959520465	1569696005	3952836
328	955303807	1569093834	2241229
327	950622169	1568759463	2241229
326	950371017	1568732519	3970162
325	950370632	1568732298	3970162
324	950176329	1568690442	3970162
323	950176282	1568690401	3970162
322	950176199	1568690245	3970162
321	950176188	1568690205	3970162
320	950176181	1568690182	3970162
319	933202049	1567554039	3952836
318	904491796	1566188792	3952836
317	904417968	1565961943	3952836
316	904368613	1565885626	3952836
315	904367719	1565882255	3952836
314	900644224	1565145119	3952836
313	898983410	1564809635	3952836
312	897880418	1564703082	3952836
311	897287795	1564673010	3952836
310	892770487	1563839833	3952836
309	892770396	1563839220	4302636
308	892770210	1563838598	3952836
307	892770154	1563838381	3952836
306	892769301	1563835510	3952836
305	891324572	1563206995	3952836
304	891259087	1563204432	3952836
303	889348677	1563049597	3952836
302	881302948	1562771152	3952836
301	881035858	1562524022	3970162
300	856808234	1560912660	1315056
299	854193216	1560815347	1315056
298	854193212	1560815329	1315056
297	852555522	1560735931	3952836
296	851991596	1560614811	3952836
295	847969255	1560399045	3970162
294	847806626	1559849871	3952836
293	847755835	1559627131	3970162
292	847755803	1559626954	3970162
291	847711915	1559419190	3970162
290	847326111	1559155635	3952836
289	847240031	1558929609	3970162
288	844822037	1558020731	1315056
287	842647878	1557960347	4302636
286	842627396	1557959958	3952836
285	840893687	1557933386	3952836
284	835123036	1557548754	3952836
283	835065534	1557464160	3952836
282	834866076	1557107700	3952836
281	802023486	1556088934	3638389
280	802023482	1556088919	3638389
279	802023477	1556088893	3638389
278	737373708	1555093052	3952836
277	717300138	1554261991	3952836
276	717031440	1554177138	3952836
275	717031348	1554176763	3118961
274	714650474	1554088700	3118961
273	714615032	1554087672	3118961
272	714603444	1554087215	3118961
271	710499122	1553911006	3952836
270	710488979	1553885691	3952836
269	683708953	1553216474	3118961
268	683708885	1553216237	3952836
267	683704772	1553202629	3952836
266	683463293	1553029816	3952836
265	683463082	1553029215	3952836
264	683335057	1552858200	3970162
263	683335054	1552858189	3970162
262	683323437	1552828713	3118961
261	682769416	1552559283	3970162
260	682665036	1552524008	3970162
259	682662145	1552515546	3970162
258	682662131	1552515456	3970162
257	682416625	1552446330	3952836
256	682415749	1552443328	3118961
255	682415745	1552443303	3118961
254	682415740	1552443263	3118961
253	682415618	1552442770	3118961
252	682415601	1552442704	3118961
251	682415550	1552442632	3118961
250	682415273	1552441969	3118961
249	682414406	1552439608	3952836
248	661679279	1551641897	3952836
247	654159340	1551515779	3970162
246	654131641	1551515447	3970162
245	654127303	1551515407	3970162
244	654123427	1551515378	3970162
243	650182026	1550952986	4365296
242	650181330	1550950753	3952836
241	649470568	1550559260	3646714
240	649326219	1550551927	3970162
239	649326210	1550551910	3970162
238	646818974	1550517742	3970162
237	646806412	1550517617	3970162
236	645192292	1550439273	3118961
235	641749901	1549832603	3952836
234	641418942	1549059617	3952836
233	641409867	1549036772	3952836
232	641409745	1549036490	3952836
231	641408643	1549034429	3952836
230	641408629	1549034393	3952836
229	641408565	1549034175	3952836
228	639451734	1548734065	3952836
227	639450865	1548732130	1315056
226	639450843	1548732057	1315056
225	635794020	1548392955	3952836
224	635793746	1548392718	3952836
223	632855301	1548171495	3118961
222	628687925	1548104063	3952836
221	625105906	1548035360	2773416
220	585210052	1547173222	2773416
219	541188430	1546144638	3952836
218	518808370	1544742202	2773416
217	497746642	1544503964	3952836
216	481380764	1544382693	3952836
215	441129235	1543798994	4583766
214	439563998	1543728001	3952836
213	439563495	1543726727	4899365
212	439563466	1543726645	4899365
211	439562705	1543724654	4924250
210	439534962	1543702171	3952836
209	407545886	1542594449	3952836
208	401302301	1542436474	4583766
207	375004877	1541978451	3952836
206	370909673	1541891726	3952836
205	370838296	1541891070	3952836
204	370809997	1541890774	3952836
203	367008779	1541809316	3952836
202	367008760	1541809227	3952836
201	366192080	1541777519	3952836
200	340730867	1541016986	3952836
199	340669766	1541016193	3952836
198	340157535	1540995018	3952836
197	339565455	1540984474	3952836
196	331143066	1540924892	3952836
195	297436418	1540591369	3952836
194	290864275	1540532079	3952836
193	238660921	1540120764	3952836
192	218148999	1539898153	3952836
191	217411466	1539889529	3952836
190	212394293	1539725250	2773416
189	212211336	1539526727	3952836
188	212211294	1539526681	3952836
187	185711032	1539291479	2773416
186	175419165	1539205658	3952836
185	175405606	1539205553	3952836
184	160030362	1538868256	3952836
183	149952508	1538515696	3952836
182	149951458	1538515321	3952836
181	148504782	1537898945	3952836
180	148453680	1537849199	2773416
179	147315825	1536615271	3952836
178	147315646	1536614665	3952836
177	146581590	1535768483	3952836
176	145648299	1535418508	4365296
175	145647405	1535418289	3970162
174	145341397	1535341212	3952836
173	144314192	1535030253	2773416
172	142758381	1534635006	2773416
171	142660263	1534614415	3638389
170	142658300	1534613496	2773416
169	142421842	1534535813	3952836
168	141032168	1534206860	3646714
167	140695416	1534115906	2773416
166	138083382	1533588408	4240294
165	138082476	1533588286	4240294
164	136818445	1533343071	2773416
163	136702957	1533298874	2773416
162	136448031	1533165868	2773416
161	136311685	1533131262	2773416
160	136258248	1533117191	2773416
159	136233659	1533110044	2773416
158	136225834	1533108119	2773416
157	136222584	1533107288	2773416
156	136218143	1533106169	2773416
155	136029075	1533016163	2773416
154	136028456	1533015382	2773416
153	136026770	1533013563	2773416
152	134221330	1532455410	4240294
151	133479446	1532145220	4240294
150	132272900	1531517502	4240294
149	131977533	1531446030	4240294
148	131930752	1531425333	2773416
147	130445277	1530684324	4240294
146	130203122	1530592892	2773416
145	129651210	1530378146	2773416
144	129018959	1530225659	4240294
143	129018376	1530225506	4240294
142	129018053	1530225421	4240294
141	129018046	1530225401	4240294
140	129016761	1530225081	4240294
139	129013825	1530224230	4240294
138	129013511	1530224179	4240294
137	129012949	1530224035	4240294
136	128393293	1530064281	4240294
135	128393285	1530064258	4240294
134	128393154	1530064194	4240294
133	128012726	1529901247	4261886
132	127988828	1529889663	2773416
131	127981891	1529885469	2773416
130	127978760	1529883563	4240294
129	127978272	1529883316	4240294
128	127605809	1529737832	2773416
127	127599884	1529730649	2773416
126	127599155	1529729489	2773416
125	127598690	1529728730	2773416
124	127314179	1529635849	4240294
123	127217385	1529612293	2773416
122	127200069	1529609051	2773416
121	127193954	1529607881	4240294
120	127193913	1529607868	4240294
119	127193448	1529607811	4240294
118	127193186	1529607764	4240294
117	127193074	1529607751	4240294
116	127137960	1529599299	2773416
115	126782927	1529535752	2773416
114	126782301	1529535356	2773416
113	126782296	1529535324	2773416
112	126781116	1529534660	2773416
111	126747155	1529523386	4240294
110	126746254	1529523167	4240294
109	126745889	1529523101	4240294
108	126394227	1529468632	4240294
107	126283052	1529430021	4266151
106	126280824	1529429222	4240294
105	126272607	1529425776	4240294
104	126269817	1529424700	4240294
103	126147952	1529381153	4240294
102	126138444	1529374191	4240294
101	126135787	1529371125	4240294
100	126121669	1529359857	4240294
99	126120523	1529358423	4240294
98	126120478	1529358389	4240294
97	126120462	1529358357	4240294
96	126120453	1529358273	4240294
95	126119794	1529357691	4240294
94	126119050	1529356816	4240294
93	126118923	1529356782	4240294
92	126117197	1529354367	4240294
91	126117008	1529354097	4240294
90	126117000	1529354067	4240294
89	126116940	1529354049	4240294
88	126115816	1529352763	4240294
87	126110627	1529347190	4240294
86	126109425	1529345986	4240294
85	126109349	1529345922	4240294
84	126109344	1529345906	4240294
83	126106887	1529343638	4240294
82	126101813	1529338914	4240294
81	126101278	1529338406	4240294
80	126098841	1529336012	4240294
79	126098393	1529335771	4240294
78	126034404	1529307543	4240294
77	126033537	1529307111	4240294
76	126032121	1529306456	4240294
75	126027280	1529304596	4240294
74	126026834	1529304504	4240294
73	126026397	1529304324	4240294
72	126026142	1529304156	4240294
71	126021128	1529301864	4240294
70	126021022	1529301828	4240294
69	126007010	1529296200	4240294
68	126001489	1529294194	4240294
67	126001424	1529294172	4240294
66	126000124	1529293518	4240294
65	125999873	1529293437	4240294
64	125999662	1529293372	4240294
63	125985903	1529287891	4240294
62	125984704	1529287393	4240294
61	125977483	1529284101	4240294
60	125977343	1529284065	4240294
59	125977276	1529284036	4240294
58	125960725	1529278889	4240294
57	125960532	1529278855	4240294
56	125960360	1529278819	4240294
55	125960177	1529278760	4240294
54	125938966	1529271527	4240294
53	125888275	1529249944	4240294
52	125887816	1529249767	4240294
51	125876697	1529243726	4240294
50	125876539	1529243520	4240294
49	125876386	1529243238	4240294
48	125876343	1529243201	4240294
47	125829976	1529215857	4240294
46	125812120	1529199519	4240294
45	125808758	1529198150	4240294
44	125806700	1529197327	4240294
43	125790000	1529189727	4240294
42	125789966	1529189713	4240294
41	125784293	1529187175	4240294
40	125781355	1529185869	4240294
39	125780211	1529185308	4240294
38	125777951	1529184335	4240294
37	125777823	1529184273	4240294
36	125777817	1529184256	4240294
35	125777441	1529184136	4240294
34	125732203	1529163325	4240294
33	125728916	1529161360	4240294
32	125728566	1529161153	4240294
31	125728166	1529160933	4240294
30	125625927	1529132285	4240294
29	125620421	1529130584	4240294
28	125619513	1529130362	4240294
27	125595830	1529113543	4240294
26	125595819	1529113527	4240294
25	125589952	1529102945	4240294
24	125589950	1529102931	4240294
23	125582250	1529096898	4240294
22	125581337	1529096471	4240294
21	125580658	1529096265	4240294
20	125580591	1529096235	4240294
19	125580525	1529096200	4240294
18	125580334	1529096101	4240294
17	125580046	1529096004	4240294
16	125580042	1529095988	4240294
15	125579977	1529095947	4240294
14	125272927	1528958376	4240294
13	125248848	1528948790	4240294
12	125245187	1528947767	4240294
11	125245135	1528947752	4240294
10	125244215	1528947497	4240294
9	125244062	1528947481	4240294
8	125243914	1528947440	4240294
7	125243468	1528947349	4240294
6	125243379	1528947335	4240294
5	125243191	1528947296	4240294
4	125229636	1528930556	4240294
3	125229631	1528930527	4240294
2	125229592	1528930421	4240294
1	125229579	1528930356	4240294
0	125226777	1528924112	4240294
