slug: component:_template
title: "_template"
tags: []
20	963046260	1570391228	3118961
19	963046210	1570391088	3118961
18	963046198	1570391010	3118961
17	963046129	1570390771	3118961
16	963046126	1570390754	3118961
15	906213009	1566665813	3118961
14	906212999	1566665780	3118961
13	683460852	1553024522	2241229
12	683460841	1553024499	2241229
11	591066596	1547403271	3118961
10	591064999	1547403255	3118961
9	591062131	1547403226	3118961
8	591058371	1547403184	3118961
7	591057523	1547403172	3118961
6	591056444	1547403160	3118961
5	591055548	1547403151	3118961
4	591054118	1547403134	3118961
3	540969785	1546136313	2773416
2	134647020	1532583842	2773416
1	125232748	1528937660	4240294
0	125232738	1528937643	4240294
