slug: rpc-370
title: "RPC-370"
tags: ["beta", "cair-aisling", "children-of-nihil", "extreme-temperature-hazard", "organic-hazard", "regenerative-hazard", "rpc", "sapient-hazard", "yellow"]
21	1388214740	1642069711	4981794
20	1318446843	1598294634	2200357
19	1318446763	1598294404	2200357
18	1318446746	1598294361	2200357
17	1311109182	1596591335	2200357
16	1311008564	1596246382	2200357
15	1311008375	1596245614	2200357
14	1311008368	1596245577	2200357
13	1282132499	1595691312	3118961
12	1224200902	1594428371	3672751
11	1216194983	1593714779	2200357
10	1215286880	1593639257	2200357
9	1215286685	1593638648	2200357
8	1215285201	1593633332	2200357
7	1215284799	1593631300	2200357
6	1215284717	1593631111	3118961
5	1215284694	1593630994	3118961
4	1215284629	1593630629	2200357
3	1215284626	1593630616	2200357
2	1215284614	1593630526	2200357
1	1215284604	1593630478	2200357
0	1215284600	1593630447	2200357
