slug: deus-l-vulte
title: "Deus L. Vulte"
tags: ["document", "personnel"]
17	1516589155	1702190415	4315330
16	1075276414	1587837059	3118961
15	1048169815	1583689305	2068794
14	1048169814	1583689287	2068794
13	902942166	1565710141	3118961
12	899086445	1564985164	3638389
11	899085674	1564983466	3638389
10	712111618	1554034833	2776183
9	683376053	1552962308	3952836
8	343763337	1541056398	3638389
7	343484993	1541054050	4464984
6	146910171	1536032694	3625466
5	141060535	1534220263	2773416
4	134586241	1532566622	2773416
3	133670822	1532231670	2068794
2	133670804	1532231652	2068794
1	133670570	1532231461	2068794
0	133670566	1532231448	2068794
