slug: rpc-038
title: "RPC-038"
tags: ["aggression-hazard", "beta", "grouped-hazard", "organic-hazard", "red", "rpc", "sentient-hazard", "translated"]
37	1542712599	1773698152	10197776
36	1528533599	1742420483	9487909
35	1528533593	1742420445	9487909
34	1496162958	1665166204	6371726
33	1460901445	1651902352	3702925
32	1459877316	1649196976	3702925
31	1387585515	1639610093	7287895
30	1367313893	1627647180	7299722
29	1361691565	1616256690	3952836
28	1179304019	1590777063	3952836
27	1050870093	1584907994	3702925
26	1048147899	1583620733	3952836
25	1034406787	1580391240	3702925
24	1034251584	1580248496	3638389
23	1034251580	1580248474	3638389
22	933574193	1567558318	3118961
21	896341136	1564608652	5216375
20	865375618	1561248807	1315056
19	681250266	1552236069	3638389
18	681243037	1552211190	3646714
17	539033545	1546053191	3638389
16	539033529	1546053152	3638389
15	367007262	1541805561	3952836
14	212403167	1539746743	4695861
13	167816248	1539031756	3646714
12	166871805	1539011807	2947029
11	164577838	1538961080	3646714
10	164575608	1538961041	3646714
9	164246202	1538953673	4105536
8	147262880	1536472135	3702925
7	146907537	1536024002	2906223
6	146898671	1536007237	4270931
5	146898546	1536007111	4270931
4	146896642	1536005409	2773416
3	146896633	1536005395	2773416
2	146894218	1536003047	3702925
1	146894187	1536003010	3702925
0	146894146	1536002987	3702925
