slug: rpc-150
title: "RPC-150"
tags: ["beta", "digital-hazard", "extra-dimensional-hazard", "nucorp", "rpc", "sensory-hazard", "translated", "visual-hazard", "yellow"]
23	1542320869	1772129605	5716946
22	1542320864	1772129567	5716946
21	1505232048	1671479252	6371726
20	1505231602	1671477688	6371726
19	1367426782	1628171311	7299722
18	1224127898	1594082364	6264298
17	1224126387	1594074246	5258122
16	1196553692	1591591959	5258122
15	897909344	1564705524	3118961
14	682664513	1552522319	3138246
13	561331757	1546519101	2906223
12	414467007	1542727103	3992967
11	367005762	1541802338	3952836
10	204048099	1539444837	3992967
9	175290662	1539204633	1574054
8	164918843	1538969676	4558857
7	149126035	1538217550	3992967
6	147469698	1536843478	3992967
5	147369343	1536697473	2906223
4	147369333	1536697461	2906223
3	146930888	1536080767	3992967
2	146923643	1536065734	3992967
1	146923637	1536065707	3992967
0	146923629	1536065685	3992967
