slug: rpc-210
title: "RPC-210"
tags: ["contact-hazard", "extra-dimensional-hazard", "gamma", "red", "rpc", "sentient-hazard", "teleportation-hazard"]
33	1497821300	1669411507	5982545
32	1497821164	1669410976	5982545
31	1474914910	1656711930	3970162
30	1224160869	1594237123	4315330
29	852538197	1560635432	3638389
28	852538141	1560635418	3638389
27	852489985	1560631211	3638389
26	852488577	1560631176	3638389
25	666687492	1551753709	1315056
24	666595028	1551752624	5208732
23	641500686	1549265136	4981794
22	164776680	1538966258	2976054
21	164775911	1538966243	2976054
20	164774453	1538966208	2976054
19	164774380	1538966166	2976054
18	153323147	1538715163	4431517
17	147452501	1536822981	4431517
16	147407163	1536751840	4431517
15	147406882	1536751500	4431517
14	147253639	1536443882	4431517
13	147031699	1536216983	4431517
12	147031411	1536216537	4431517
11	147031133	1536215870	4431517
10	147030872	1536215536	4431517
9	147030836	1536215436	4431517
8	147030831	1536215419	4431517
7	147030690	1536215263	4431517
6	146999546	1536155280	2773416
5	146982041	1536127756	4431517
4	146981823	1536127229	4431517
3	146979270	1536121476	4431517
2	146978773	1536120883	4431517
1	146963942	1536105834	3646714
0	146963907	1536105784	4431517
