slug: an-incomplete-history-of-the-authority
title: "An Incomplete History of the Authority"
tags: ["aedf", "collaboration", "document", "eoi-tale", "history", "lore", "top10", "translated"]
142	1545701270	1785879150	3050074
141	1526682907	1734011410	9487909
140	1513116024	1692513136	3050074
139	1497166158	1667563316	6371726
138	1385423672	1635311959	5197199
137	1385423668	1635311910	5197199
136	1379702083	1632854428	7267085
135	1366764134	1624917363	1315056
134	1366517536	1623936511	1315056
133	1361882521	1616790009	3118961
132	1358962905	1610181881	2947029
131	1356109165	1601154016	5689914
130	1356108931	1601152529	5689914
129	1084263664	1588461891	1315056
128	1084263637	1588461815	1315056
127	1084216131	1588359108	3118961
126	1046880919	1582476208	3118961
125	1035182681	1581710687	3118961
124	1034623694	1581035351	3118961
123	1034623668	1581035162	3118961
122	1034623124	1581032352	3118961
121	1034622952	1581031472	3118961
120	1034622514	1581028678	3118961
119	1034622462	1581028501	3118961
118	1034622428	1581028313	3118961
117	1034615250	1580999327	3118961
116	1034615211	1580999112	3118961
115	1034605063	1580962742	3118961
114	1034605055	1580962679	3118961
113	1034605033	1580962579	3118961
112	1034605003	1580962471	3118961
111	1034604971	1580962338	3118961
110	1034604911	1580962053	3118961
109	1034472466	1580575148	3118961
108	1034472425	1580574956	3118961
107	1034254172	1580259317	1315056
106	1034187602	1580023340	4315330
105	1033969716	1579310906	5260456
104	1033969703	1579310850	1315056
103	1033969699	1579310808	5260456
102	1033798566	1578629823	1315056
101	1033798526	1578629583	1315056
100	1033798492	1578629360	1315056
99	1033798490	1578629348	1315056
98	1033798486	1578629338	1315056
97	1033798471	1578629182	1315056
96	1033764824	1578540054	1315056
95	1033764819	1578540031	1315056
94	1033764817	1578540015	1315056
93	1033764813	1578539984	1315056
92	1033669853	1578104790	1315056
91	1033602685	1577852628	1315056
90	1033478755	1577299110	1315056
89	1000832282	1575602777	1315056
88	1000750602	1575601000	1315056
87	978951184	1573194220	1315056
86	978942463	1573154291	1315056
85	978903891	1572974405	4315330
84	978903181	1572971088	4315330
83	978903167	1572970933	4315330
82	933432486	1567556568	3118961
81	931546546	1567521437	1315056
80	931480295	1567518635	1315056
79	916357271	1567189937	2930589
78	901587888	1565577146	1315056
77	901587289	1565574136	1315056
76	901583285	1565556612	2776183
75	901583153	1565556011	2776183
74	872887028	1561649102	1315056
73	859739412	1561051030	1315056
72	847237633	1558921234	1315056
71	841204002	1557938227	1315056
70	808039250	1556829679	3638389
69	802016426	1556072347	3118961
68	801930214	1555950772	3118961
67	718916388	1554386804	3952836
66	718466255	1554317227	4548098
65	718466250	1554317219	4548098
64	697368024	1553542706	1315056
63	691907403	1553470679	1315056
62	691873815	1553470163	5017664
61	683337190	1552864087	1315056
60	683337163	1552864017	1315056
59	650822290	1551215317	4558857
58	650820769	1551211110	2930589
57	616267896	1547881848	4304662
56	614779885	1547861509	1315056
55	614661548	1547860142	1315056
54	614639759	1547859883	1315056
53	614550328	1547858955	1315056
52	614437452	1547857733	1315056
51	608848561	1547756779	1315056
50	608801232	1547756082	1315056
49	608780954	1547755757	1315056
48	608625408	1547753301	1315056
47	590360921	1547321349	1315056
46	590357184	1547314759	3638389
45	516997684	1544633168	1315056
44	484219768	1544413622	3952836
43	453684158	1544062118	1315056
42	453681516	1544062071	1315056
41	453679198	1544062042	1315056
40	453671247	1544061891	1315056
39	452581179	1544040203	1315056
38	418230092	1542851620	3118961
37	377158897	1542054458	3118961
36	287103517	1540510071	1315056
35	213344758	1539806276	3952836
34	207680231	1539480864	1315056
33	207580270	1539480200	1315056
32	197797414	1539397656	4302636
31	197611865	1539395807	1315056
30	197165131	1539390043	4302636
29	147380117	1536711066	1315056
28	147216769	1536372290	1574054
27	146713065	1535826786	3625466
26	146565162	1535739342	1315056
25	136324312	1533134582	1315056
24	134969325	1532662218	1315056
23	134960982	1532659407	2042672
22	134960857	1532659372	2042672
21	134960800	1532659344	2042672
20	134959360	1532658834	1315056
19	134959067	1532658733	1315056
18	134957594	1532658299	1315056
17	134557124	1532555927	2042672
16	134556911	1532555867	2042672
15	134556546	1532555689	2042672
14	134544242	1532550935	2042672
13	134543504	1532550678	2042672
12	134357171	1532495782	2042672
11	134354729	1532494806	1315056
10	134354409	1532494438	1315056
9	134352635	1532493578	2042672
8	134350754	1532492784	2042672
7	133081694	1531868700	1315056
6	131967622	1531442459	1315056
5	131967119	1531442281	1315056
4	131966940	1531442230	1315056
3	131922825	1531421876	1315056
2	131920145	1531420433	1315056
1	131186369	1530994201	1315056
0	131186366	1530994184	1315056
