slug: rpc-250
title: "RPC-250"
tags: ["alpha", "mechanical-hazard", "rpc", "sensory-hazard", "sentient-hazard", "yellow"]
17	1518820685	1709751345	3050074
16	1508397494	1678429913	7287895
15	1224161796	1594240438	4315330
14	877712447	1561939210	4315330
13	865373144	1561234014	3638389
12	700786668	1553641011	1315056
11	700785832	1553640991	1315056
10	574013787	1546826103	3716937
9	573699519	1546821044	3716937
8	164818644	1538967452	2976054
7	146716602	1535835603	2773416
6	137604595	1533499145	3638389
5	135470223	1532829341	3332557
4	131773728	1531363798	2773416
3	131773670	1531363779	2773416
2	131203817	1531020053	3716937
1	131192259	1531014884	2782521
0	131192015	1531013770	3716937
