slug: an-bi-niko
title: "Niko's An.BI🐝✨"
tags: []
25	1523428053	1722724606	7670356
24	1523427833	1722723496	7670356
23	1523427783	1722723014	7670356
22	1523427753	1722722681	7670356
21	1523427737	1722722454	7670356
20	1523427708	1722722187	7670356
19	1523427688	1722722002	7670356
18	1523427623	1722721933	7670356
17	1523427591	1722721517	7670356
16	1519649602	1713345713	7670356
15	1519649576	1713345439	7670356
14	1519649573	1713345421	7670356
13	1519649558	1713345247	7670356
12	1519649552	1713345194	7670356
11	1519649549	1713345169	7670356
10	1519649536	1713345052	7670356
9	1519649532	1713345019	7670356
8	1519649530	1713344981	7670356
7	1519649527	1713344954	7670356
6	1519649524	1713344912	7670356
5	1519649473	1713344359	7670356
4	1519649471	1713344337	7670356
3	1519649265	1713342929	7670356
2	1519649256	1713342850	7670356
1	1519649098	1713341652	7670356
0	1519648958	1713340991	7670356
