slug: nav:side
title: "Side Navigation"
tags: []
134	1542874999	1774310111	9161410
133	1540442870	1765292964	9161410
132	1539816279	1763825763	9161410
131	1539361012	1763012098	9161410
130	1537966470	1762137616	9161410
129	1531570983	1755217571	9161410
128	1531570980	1755217532	9161410
127	1530261756	1748287404	9161410
126	1530236465	1748117330	9161410
125	1530223437	1748036648	9161410
124	1530211500	1747945312	9161410
123	1530169940	1747627874	9161410
122	1530169308	1747622225	9161410
121	1530169298	1747622128	9161410
120	1530169285	1747622013	9161410
119	1530125801	1747322121	9161410
118	1530125790	1747322088	9161410
117	1530125779	1747322034	9161410
116	1530125751	1747321901	9161410
115	1530125677	1747321560	9161410
114	1530105892	1747166923	9161410
113	1530105883	1747166902	9161410
112	1530105867	1747166858	9161410
111	1530105854	1747166817	9161410
110	1530105845	1747166794	9161410
109	1530096801	1747108984	9161410
108	1530096788	1747108899	9161410
107	1530096778	1747108834	9161410
106	1530096755	1747108612	9161410
105	1530096738	1747108434	9161410
104	1530096730	1747108356	9161410
103	1530095729	1747100349	9161410
102	1530095728	1747100323	9161410
101	1530095718	1747100222	9161410
100	1530095696	1747100051	9161410
99	1530095672	1747099861	9161410
98	1530095646	1747099651	9161410
97	1530095633	1747099532	9161410
96	1530095618	1747099408	9161410
95	1530095228	1747095774	9161410
94	1530095220	1747095698	9161410
93	1530095215	1747095614	9161410
92	1530095114	1747094862	9161410
91	1530095049	1747094408	9161410
90	1530095043	1747094375	9161410
89	1530095039	1747094347	9161410
88	1530095031	1747094271	9161410
87	1530095020	1747094207	9161410
86	1530000873	1746681171	9161410
85	1529996891	1746648222	9161410
84	1529989487	1746607874	9161410
83	1529989482	1746607783	9161410
82	1529989480	1746607760	9161410
81	1529989157	1746605126	9161410
80	1529989152	1746605071	9161410
79	1529974548	1746517905	9161410
78	1529974310	1746516057	9161410
77	1529974305	1746516010	9161410
76	1529974298	1746515926	9161410
75	1529972607	1746504992	9161410
74	1529971926	1746499897	9161410
73	1529971922	1746499873	9161410
72	1529971879	1746499379	9161410
71	1529971875	1746499304	9161410
70	1529971871	1746499282	9161410
69	1529971869	1746499253	9161410
68	1529971860	1746499197	9161410
67	1529971847	1746499114	9161410
66	1529971837	1746499080	9161410
65	1529971826	1746498982	9161410
64	1529971816	1746498918	9161410
63	1529971812	1746498867	9161410
62	1529971810	1746498851	9161410
61	1529971808	1746498833	9161410
60	1529971775	1746498428	9161410
59	1529970424	1746485204	9161410
58	1529970422	1746485189	9161410
57	1529970415	1746485143	9161410
56	1529970348	1746484977	9161410
55	1529970338	1746484914	9161410
54	1529970333	1746484884	9161410
53	1529970319	1746484804	9161410
52	1529970301	1746484698	9161410
51	1529970247	1746484376	9161410
50	1529923004	1746416189	9161410
49	1529922792	1746415392	9161410
48	1529908139	1746341248	9161410
47	1529908130	1746341204	9161410
46	1529906961	1746336771	9161410
45	1529905623	1746330763	9161410
44	1529851653	1746148411	9161410
43	1529765321	1745904436	9161410
42	1529765319	1745904404	9161410
41	1529765303	1745904292	9161410
40	1529540985	1745536478	9161410
39	1529540925	1745536231	9161410
38	1529540906	1745536053	9161410
37	1529414089	1745075400	9161410
36	1529414082	1745075384	9161410
35	1529414047	1745075185	9161410
34	1529414044	1745075171	9161410
33	1529414028	1745075109	9161410
32	1529414022	1745075075	9161410
31	1529413988	1745075043	9161410
30	1529413855	1745074470	9161410
29	1529413846	1745074405	9161410
28	1529413806	1745074348	9161410
27	1529413760	1745074225	9161410
26	1529404931	1745029945	9161410
25	1529404928	1745029923	9161410
24	1529404914	1745029887	9161410
23	1529375354	1744859851	9161410
22	1529101653	1743983325	9161410
21	1528977583	1743462334	9161410
20	1528973491	1743441591	9161410
19	1528973483	1743441566	9161410
18	1528973239	1743440378	9161410
17	1528973234	1743440351	9161410
16	1528904219	1743135076	9161410
15	1528904216	1743135045	9161410
14	1528894516	1743078052	9161410
13	1528894514	1743078028	9161410
12	1528894474	1743077749	9161410
11	1528851612	1742970964	9161410
10	1528851582	1742970755	9161410
9	1528629710	1742826023	9161410
8	1528629579	1742825512	9161410
7	1528507881	1742258189	9161410
6	1528507602	1742256578	9161410
5	1528032388	1740190516	9161410
4	1528031894	1740187352	9161410
3	1528031891	1740187333	9161410
2	1528030667	1740178398	9161410
1	1528030638	1740178209	9161410
0	1520621017	1717446991	9161410
