slug: rpc-233
title: "RPC-233"
tags: ["auditory-hazard", "beta", "ideological-hazard", "neutralized", "rpc", "sensory-hazard", "yellow"]
22	1462013477	1655352585	3118961
21	1388962369	1645228781	3672751
20	1362074917	1617722859	3512728
19	1362074854	1617722790	3512728
18	972902095	1572657319	4315330
17	856121823	1560884728	3638389
16	854685085	1560830519	3638389
15	854685054	1560830497	3638389
14	700781369	1553640892	1315056
13	700780368	1553640870	1315056
12	683370870	1552951339	4583766
11	682784504	1552600897	4279706
10	649327189	1550555337	4981794
9	481414928	1544383110	3638389
8	479665275	1544338386	4304662
7	479664911	1544338236	4304662
6	479664717	1544338182	4304662
5	479664692	1544338162	4304662
4	479663436	1544337752	4304662
3	479663345	1544337716	4304662
2	478326178	1544318733	3803946
1	477107287	1544305482	4279706
0	477106497	1544305466	4279706
