slug: lordsown:hub
title: ""
tags: ["lordsown"]
47	1073710049	1587106535	4392748
46	1073100698	1586305661	4293614
45	1073100681	1586305611	4293614
44	1073100654	1586305529	4293614
43	1073100465	1586304781	4293614
42	1073100460	1586304727	4293614
41	1073100435	1586304577	4293614
40	1073100403	1586304452	4293614
39	1073100400	1586304434	4293614
38	1073100398	1586304428	4293614
37	1073100392	1586304402	4293614
36	1073099374	1586299571	4293614
35	1073099335	1586299494	4293614
34	1073099334	1586299475	4293614
33	1073099256	1586298929	4293614
32	1073099241	1586298787	4293614
31	1073099238	1586298775	4293614
30	1073099236	1586298766	4293614
29	1073099233	1586298755	4293614
28	1073099223	1586298720	4293614
27	1073099167	1586298298	4293614
26	1073099089	1586297840	4293614
25	1073099087	1586297834	4293614
24	1073099086	1586297830	4293614
23	1073099085	1586297826	4293614
22	1073099083	1586297822	4293614
21	1073099080	1586297815	4293614
20	1073099067	1586297703	4293614
19	1073099022	1586297593	4293614
18	1073099020	1586297581	4293614
17	1073099019	1586297571	4293614
16	1073099018	1586297563	4293614
15	1073099015	1586297556	4293614
14	1073099014	1586297548	4293614
13	1073079720	1586248507	4392748
12	1073051182	1586166939	4889077
11	1073047444	1586158765	4293614
10	1073047327	1586158619	4392748
9	1073047302	1586158565	4392748
8	1073047081	1586158059	4392748
7	1073046946	1586157754	4392748
6	1073039342	1586140113	4293614
5	1073033984	1586128511	4293614
4	1073033379	1586127276	4293614
3	1073033375	1586127267	4293614
2	1073033221	1586126861	4293614
1	1073033163	1586126733	4293614
0	1073033005	1586126392	4293614
