slug: videos
title: "RPC Videos"
tags: ["hub"]
153	1541677621	1769785767	5982545
152	1539128609	1762530225	5982545
151	1531742551	1756043255	5982545
150	1531711624	1755901310	5982545
149	1530654209	1750842921	5982545
148	1530123464	1747307509	5982545
147	1529997107	1746649901	5982545
146	1529850661	1746141092	5982545
145	1529815218	1746009682	5982545
144	1529615390	1745689024	5982545
143	1529320776	1744758349	5982545
142	1529216054	1744503294	5982545
141	1526543926	1733436593	5982545
140	1526003544	1732713218	5982545
139	1525932362	1732324828	5982545
138	1525765011	1731532980	5982545
137	1525688062	1731158826	5982545
136	1525502853	1730199340	5982545
135	1525424487	1729795850	5982545
134	1525357332	1729431587	5982545
133	1525144577	1728642807	5982545
132	1524859402	1727293235	5982545
131	1524690586	1726711893	5982545
130	1524627549	1726431470	5982545
129	1524472772	1725825184	5982545
128	1524249852	1724875075	5982545
127	1524160621	1724527251	5982545
126	1523985275	1724091392	5982545
125	1523906233	1723947367	5982545
124	1523342301	1722522085	5982545
123	1523227498	1721959800	5982545
122	1523084347	1721262612	5982545
121	1522983702	1720618679	5982545
120	1521405567	1720044482	5982545
119	1521295843	1719366693	5982545
118	1520999763	1718763423	5982545
117	1520921678	1718332119	5982545
116	1520900664	1718198140	5982545
115	1519706034	1713493292	5982545
114	1518854555	1709944161	5982545
113	1518245002	1707918032	5982545
112	1517961019	1706817601	5982545
111	1517400928	1705162096	5982545
110	1517015368	1703686105	5982545
109	1516897445	1703099177	5982545
108	1516414592	1701470606	5982545
107	1516231306	1700862658	5982545
106	1516032200	1700178863	5982545
105	1515650202	1698875009	5982545
104	1515338373	1698281620	5982545
103	1515146471	1697678205	5982545
102	1514364495	1696085707	5982545
101	1514284847	1695811045	5982545
100	1514284836	1695810982	5982545
99	1514063645	1695155839	5982545
98	1513934176	1694713425	5982545
97	1513750042	1694048674	5982545
96	1513087224	1692369900	5982545
95	1512877068	1691629901	5982545
94	1512497253	1690332083	5982545
93	1512478923	1690244738	5982545
92	1512441089	1690074004	5982545
91	1512412151	1689972487	5982545
90	1512296628	1689524484	5982545
89	1511456226	1687300891	5982545
88	1511120444	1686261858	5982545
87	1510614020	1685326921	5982545
86	1510286907	1684318945	5982545
85	1510157987	1683666918	5982545
84	1510079100	1683408970	5982545
83	1510079069	1683408649	5982545
82	1509400128	1681296590	5982545
81	1508902939	1679655620	5982545
80	1508569839	1678922162	5982545
79	1508375779	1678322804	5982545
78	1508263685	1677808065	5982545
77	1508169134	1677634271	5982545
76	1508169130	1677634233	5982545
75	1508169078	1677634138	5982545
74	1508168457	1677629908	5982545
73	1508168436	1677629730	5982545
72	1508151962	1677552955	5982545
71	1508149298	1677541260	5982545
70	1508025644	1677295828	5982545
69	1507936581	1676908300	5982545
68	1361692189	1616259338	3952836
67	1361691768	1616257690	3952836
66	1361691612	1616257037	3952836
65	1361691525	1616256444	3952836
64	1361691438	1616255862	3952836
63	1361691426	1616255808	3952836
62	1361691383	1616255743	3952836
61	1361691371	1616255677	3952836
60	1361691346	1616255577	3952836
59	1361691124	1616254559	3952836
58	1361242124	1616182196	3952836
57	1361241822	1616181092	3952836
56	1361241818	1616181051	3952836
55	1361241813	1616181014	3952836
54	1361241801	1616180928	3952836
53	1361239905	1616173099	3952836
52	1361239866	1616172874	3952836
51	1361239676	1616171695	3952836
50	1361239648	1616171450	3952836
49	1361239539	1616170862	3952836
48	1361239416	1616170389	3952836
47	1360819929	1616107941	3952836
46	1358911416	1609941398	6264298
45	1290406983	1595815649	5293995
44	1288967617	1595796009	3118961
43	1048443361	1584175708	4981794
42	1048438148	1584162774	6209186
41	1032447708	1576617398	5293995
40	1032445054	1576617361	5293995
39	1032130169	1576609151	5293995
38	1010645709	1576008678	5330869
37	986585271	1574843456	5293995
36	986585225	1574843292	5293995
35	986585177	1574842902	5293995
34	962411634	1570315442	4320656
33	946037867	1568163784	3952836
32	904557068	1566252255	3952836
31	904432153	1565989702	3952836
30	899848329	1565044427	3952836
29	893274932	1564240685	3952836
28	893274755	1564240545	3952836
27	890458883	1563164194	3952836
26	881037469	1562533184	3952836
25	881037462	1562533123	3952836
24	874707416	1561785144	3952836
23	874692729	1561784794	4558857
22	874356245	1561776832	3952836
21	874356181	1561776425	3952836
20	871260895	1561582883	3952836
19	852542269	1560661120	3952836
18	849066908	1560532545	3952836
17	848852369	1560524951	3970162
16	848851895	1560524631	3970162
15	847963855	1560375826	3952836
14	847858523	1560105012	3952836
13	847857356	1560100195	3952836
12	847857353	1560100168	3952836
11	847256404	1558994466	3952836
10	847189890	1558738140	3952836
9	847145443	1558574498	3952836
8	847077558	1558478129	3952836
7	846971443	1558387923	3952836
6	846918623	1558308611	3952836
5	844994837	1558237062	3952836
4	844893419	1558158841	3952836
3	844863110	1558106462	3952836
2	834959423	1557289725	3952836
1	806103117	1556561915	3952836
0	806103047	1556561777	3952836
