slug: help:fuerzas-especiales-moviles
title: "Fuerzas Especiales Moviles"
tags: ["renovacion-edc"]
118	1541836769	1770511073	1765227
117	1539522743	1763241569	5381838
116	1529197211	1744406637	5381838
115	1529161164	1744217454	5381838
114	1529160678	1744215435	5381838
113	1529160605	1744215039	5381838
112	1529160532	1744214734	5381838
111	1529158919	1744209043	5381838
110	1521152292	1719336549	5381838
109	1520423685	1716405129	5381838
108	1518745653	1709352289	6938883
107	1517481377	1705545763	3090772
106	1517479983	1705539362	3090772
105	1510266593	1684207431	3090772
104	1460980390	1652226719	6938883
103	1460398964	1650643934	6938883
102	1460388098	1650599058	6938883
101	1379473119	1632053772	3090772
100	1372088442	1629758091	3090772
99	1372087983	1629757947	3090772
98	1372087890	1629757918	3090772
97	1372079226	1629755177	6838240
96	1372078061	1629754816	6838240
95	1367466726	1628363519	6839507
94	1367459085	1628324826	3090772
93	1367458692	1628322243	3090772
92	1367458575	1628321779	3090772
91	1367133224	1626828742	3090772
90	1362058008	1617636915	6839507
89	1361997667	1617326036	5381838
88	1361995987	1617313778	6929678
87	1361995983	1617313730	6929678
86	1361995980	1617313708	6929678
85	1361995932	1617313126	6731157
84	1358265510	1607494004	6748992
83	1358265509	1607494003	6748992
82	1357915476	1606432329	6748992
81	1357578006	1605178027	6748992
80	1357318024	1604312469	6748992
79	1357317910	1604311878	6748992
78	1357317891	1604311789	6748992
77	1357317876	1604311655	6748992
76	1357317667	1604310632	6748992
75	1357317456	1604309650	6748992
74	1357317376	1604309359	6748992
73	1357317270	1604308889	6748992
72	1357317067	1604307777	6748992
71	1357316940	1604306967	6748992
70	1357315931	1604302379	6748992
69	1357311906	1604275263	6748992
68	1357311900	1604275204	6748992
67	1357311819	1604274485	6748992
66	1357311325	1604271667	6748992
65	1357311312	1604271519	6748992
64	1357311149	1604270465	6748992
63	1357311145	1604270441	6748992
62	1357310942	1604269074	6748992
61	1357241529	1603934642	6748992
60	1357240856	1603931433	6748992
59	1357151641	1603576556	6748992
58	1357108041	1603398098	6748992
57	1357108030	1603398033	6748992
56	1357108023	1603397991	6748992
55	1357107783	1603396559	6748992
54	1356655947	1602476383	6748992
53	1356655462	1602475355	6748992
52	1356627660	1602439412	6748992
51	1356627545	1602439125	6748992
50	1356601577	1602373983	6748992
49	1356442607	1602120584	6748992
48	1356442567	1602120482	6748992
47	1356442521	1602120366	6748992
46	1356442121	1602118913	6748992
45	1356441794	1602117664	6748992
44	1356387938	1602023298	6748992
43	1356387761	1602022698	6748992
42	1356387626	1602022218	6748992
41	1356356462	1601934423	6748992
40	1356356425	1601934395	6748992
39	1356356136	1601933539	6748992
38	1356356106	1601933437	6748992
37	1356355878	1601932870	6748992
36	1356355868	1601932831	6748992
35	1356322706	1601856614	6748992
34	1356322689	1601856562	6748992
33	1356322685	1601856538	6748992
32	1356322400	1601856042	6748992
31	1356322388	1601855990	6748992
30	1356319575	1601848220	6748992
29	1356319391	1601847849	6748992
28	1356319379	1601847797	6748992
27	1356319159	1601847280	6748992
26	1356319110	1601847098	6748992
25	1356319003	1601846861	6748992
24	1356318940	1601846614	6748992
23	1356318931	1601846578	6748992
22	1356318843	1601846347	6748992
21	1356318831	1601846319	6748992
20	1356299335	1601786700	6748992
19	1356299255	1601786524	6748992
18	1356299248	1601786510	6748992
17	1356298676	1601784551	6748992
16	1356291620	1601766614	6748992
15	1356291493	1601766066	6748992
14	1356287972	1601752296	6748992
13	1356287943	1601752135	6748992
12	1356287861	1601751716	6748992
11	1356287794	1601751696	6748992
10	1356287736	1601751453	6748992
9	1356287549	1601750798	6748992
8	1356264547	1601692335	6748992
7	1356260089	1601678479	6748992
6	1356258526	1601673617	6748992
5	1356258524	1601673586	6748992
4	1356258515	1601673556	6748992
3	1356257349	1601670286	6748992
2	1356254572	1601661867	6748992
1	1356254495	1601661610	6748992
0	1356254480	1601661576	6748992
