slug: recursos-comunes
title: "Recursos Comunes"
tags: ["guía"]
166	1530139104	1747421208	6938883
165	1530139043	1747420925	6938883
164	1530139022	1747420774	6938883
163	1526611416	1733588546	5381838
162	1526611407	1733588517	5381838
161	1526611399	1733588451	5381838
160	1526611395	1733588430	5381838
159	1526611346	1733588085	5381838
158	1526611314	1733587931	5381838
157	1525993101	1732640891	5381838
156	1525992976	1732640265	5381838
155	1519894233	1714260943	6938883
154	1519894190	1714260902	6938883
153	1519894167	1714260696	6938883
152	1519551898	1712771891	5381838
151	1518871432	1710024036	5381838
150	1518870544	1710017596	5381838
149	1518870442	1710016982	5381838
148	1518824741	1709776103	3090772
147	1518824579	1709775053	3090772
146	1518824578	1709775042	3090772
145	1518824575	1709775030	3090772
144	1518824572	1709775016	3090772
143	1518824571	1709775003	3090772
142	1518824560	1709774933	3090772
141	1518824557	1709774921	3090772
140	1518824556	1709774911	3090772
139	1518824554	1709774901	3090772
138	1518776784	1709509851	5381838
137	1518763552	1709438425	5381838
136	1518763144	1709437277	5381838
135	1518761867	1709431309	5381838
134	1518761490	1709429214	5381838
133	1518745079	1709350091	5381838
132	1518744045	1709344316	5381838
131	1518744039	1709344286	5381838
130	1518744035	1709344255	5381838
129	1518744033	1709344235	5381838
128	1518744029	1709344208	5381838
127	1518662319	1709231989	5381838
126	1518662089	1709230662	5381838
125	1518662087	1709230638	5381838
124	1518662037	1709230248	5381838
123	1518661963	1709229629	5381838
122	1518661957	1709229556	5381838
121	1518661946	1709229450	5381838
120	1518661938	1709229393	5381838
119	1518661928	1709229299	5381838
118	1518661874	1709228788	5381838
117	1518661870	1709228759	5381838
116	1518661868	1709228740	5381838
115	1518661861	1709228714	5381838
114	1518661857	1709228687	5381838
113	1518661852	1709228659	5381838
112	1518661839	1709228552	5381838
111	1518661837	1709228532	5381838
110	1518661751	1709228382	5381838
109	1518661699	1709228270	5381838
108	1518661694	1709228243	5381838
107	1518661688	1709228194	5381838
106	1518661687	1709228173	5381838
105	1518661639	1709228058	5381838
104	1518661564	1709227792	5381838
103	1518661559	1709227771	5381838
102	1518661493	1709227465	5381838
101	1518661489	1709227439	5381838
100	1518661482	1709227412	5381838
99	1518661479	1709227394	5381838
98	1518661476	1709227371	5381838
97	1518661473	1709227353	5381838
96	1518661468	1709227336	5381838
95	1518661464	1709227317	5381838
94	1518661463	1709227297	5381838
93	1518661462	1709227270	5381838
92	1518661457	1709227249	5381838
91	1518661449	1709227231	5381838
90	1518661448	1709227216	5381838
89	1518661445	1709227199	5381838
88	1518661439	1709227182	5381838
87	1518661436	1709227166	5381838
86	1518661432	1709227149	5381838
85	1518661426	1709227121	5381838
84	1518661422	1709227110	5381838
83	1518661420	1709227098	5381838
82	1518661418	1709227082	5381838
81	1518661293	1709226752	5381838
80	1518661245	1709226698	5381838
79	1518661237	1709226667	5381838
78	1518661235	1709226640	5381838
77	1518661227	1709226601	5381838
76	1518661222	1709226580	5381838
75	1518661199	1709226443	5381838
74	1518661194	1709226425	5381838
73	1518661189	1709226401	5381838
72	1518661183	1709226371	5381838
71	1518661143	1709226351	5381838
70	1518661142	1709226332	5381838
69	1518661139	1709226316	5381838
68	1518661135	1709226301	5381838
67	1518661129	1709226261	5381838
66	1518661125	1709226237	5381838
65	1518661121	1709226217	5381838
64	1518661104	1709226109	5381838
63	1518661100	1709226086	5381838
62	1518661096	1709226067	5381838
61	1518661056	1709226022	5381838
60	1518661025	1709226000	5381838
59	1518661017	1709225964	5381838
58	1518661014	1709225947	5381838
57	1518661009	1709225927	5381838
56	1518660997	1709225831	5381838
55	1518660994	1709225809	5381838
54	1518660992	1709225792	5381838
53	1518660984	1709225735	5381838
52	1518660982	1709225715	5381838
51	1518660976	1709225689	5381838
50	1518660973	1709225672	5381838
49	1518660962	1709225623	5381838
48	1518660961	1709225608	5381838
47	1518660954	1709225586	5381838
46	1518660952	1709225568	5381838
45	1518660951	1709225523	5381838
44	1518660949	1709225502	5381838
43	1518660947	1709225483	5381838
42	1518660942	1709225464	5381838
41	1518660700	1709224152	5381838
40	1518660694	1709224103	5381838
39	1518644700	1709140186	5381838
38	1518644697	1709140168	5381838
37	1518644695	1709140145	5381838
36	1518644691	1709140127	5381838
35	1518644687	1709140089	5381838
34	1518644683	1709140059	5381838
33	1518644678	1709140038	5381838
32	1518644674	1709140003	5381838
31	1518644644	1709139958	5381838
30	1510266536	1684207094	3090772
29	1460980297	1652226092	6938883
28	1388575400	1643939936	3090772
27	1388575394	1643939895	3090772
26	1385376393	1635083882	3090772
25	1367243510	1627370184	3090772
24	1366476104	1623724238	6839507
23	1366475777	1623721736	6839507
22	1362141615	1617957996	6674439
21	1362062505	1617657882	6938883
20	1362062377	1617657175	6938883
19	1362062334	1617657020	6938883
18	1362051475	1617608500	6938883
17	1362051470	1617608468	6938883
16	1362051338	1617607697	6938883
15	1362031940	1617513208	6938883
14	1362031931	1617513161	6938883
13	1362031904	1617512972	6938883
12	1362031860	1617512730	6938883
11	1361997772	1617326987	5381838
10	1361965231	1617174679	6674439
9	1359340688	1611277038	6938883
8	1358744712	1609232626	6748992
7	1358206262	1607225745	6748992
6	1357958078	1606512752	6938883
5	1357677892	1605587146	6938883
4	1357578011	1605178045	6748992
3	1357577958	1605177929	6748992
2	1357577955	1605177904	6748992
1	1357510889	1604904892	6938883
0	1357510888	1604904868	6938883
