slug: 001
title: "001 - Обратная сторона Земли"
tags: ["исследуется", "книги", "колоссальный", "локация", "неизучен", "повторяется", "фоновый"]
24	1543637189	1777582821	754405
23	1524283887	1725051619	754405
22	1460957364	1652130665	754405
21	1367334568	1627734071	754405
20	1367322246	1627678823	754405
19	1366779680	1625001066	754405
18	1364786450	1619731329	754405
17	80230295	1485896404	754405
16	75647852	1464642015	754405
15	69352245	1458435855	754405
14	67270731	1456088420	754405
13	66199558	1454187610	754405
12	55916544	1440220109	754405
11	55916542	1440220094	754405
10	55916459	1440219647	754405
9	55916450	1440219623	754405
8	51136969	1417362359	754405
7	51136946	1417362074	754405
6	51136945	1417362061	754405
5	46034901	1393603385	754405
4	31720253	1345646486	754405
3	29633507	1333676269	754405
2	29487254	1332863824	754405
1	29487134	1332863663	754405
0	29487129	1332863647	754405
