slug: nav:side
title: "Меню слева"
tags: []
43	1531312636	1753995607	754405
42	1462663111	1656349911	754405
41	1387950113	1640985093	754405
40	1379731156	1632949261	754405
39	1366779547	1625000416	754405
38	1360149571	1614546017	754405
37	1182879691	1590872408	754405
36	1034501366	1580677228	754405
35	1033596544	1577827517	754405
34	986107374	1574197208	754405
33	980059299	1573338196	754405
32	970230760	1571590842	754405
31	936349124	1567630812	754405
30	924121895	1567357531	754405
29	921069584	1567285230	754405
28	149252486	1538254823	754405
27	94286918	1514581229	754405
26	80928297	1488315615	754405
25	62530264	1453237247	754405
24	61934371	1452805251	754405
23	61558171	1451941219	754405
22	57606604	1446216021	754405
21	57606456	1446215629	754405
20	51785525	1421766736	754405
19	51519327	1419966031	754405
18	51488999	1419693493	754405
17	51149369	1417446074	754405
16	51077002	1416937805	754405
15	50963559	1416236108	754405
14	50879941	1415732729	754405
13	50879875	1415732549	754405
12	49582870	1409567105	754405
11	47590613	1400576020	754405
10	47567695	1400439926	754405
9	47567592	1400438971	754405
8	47352230	1399300691	754405
7	43490294	1384181621	754405
6	43300601	1383494086	754405
5	43300362	1383493364	754405
4	40944495	1377797270	754405
3	38138535	1369026393	754405
2	30136617	1336684206	754405
1	30034796	1336117849	754405
0	29490665	1332870655	754405
