slug: rpc-654
title: "RPC-654"
tags: ["children-of-nihil", "esoteric-hazard", "extra-terrestrial-hazard", "gravitational-hazard", "ideological-hazard", "info-hazard", "mechanical-hazard", "omega", "red", "rpc", "sapient-hazard"]
23	1530157379	1747542841	3050074
22	1530157210	1747541802	3050074
21	1530157203	1747541778	3050074
20	1518134871	1707488362	3050074
19	1518128276	1707459069	3050074
18	1366161387	1622673322	7267085
17	1362080539	1617745127	3512728
16	1362080534	1617745109	3512728
15	1361738063	1616459225	5181020
14	1073482521	1586887222	6315327
13	1073242370	1586714931	3638389
12	1073242364	1586714915	3638389
11	888549986	1562971528	2930589
10	888225766	1562956982	4583766
9	881004096	1562379163	2930589
8	881001195	1562361036	2930589
7	881001184	1562360995	2930589
6	844892792	1558158357	2930589
5	844892771	1558158338	2930589
4	844891988	1558157719	2930589
3	841853379	1557948831	3952836
2	841526839	1557944004	2930589
1	841479212	1557943309	2930589
0	841459859	1557943017	2930589
