slug: news-13
title: "Новости - события 2024"
tags: []
43	1527035193	1735680140	754405
42	1527035189	1735680122	754405
41	1527019714	1735592416	754405
40	1527005429	1735506018	754405
39	1526795810	1734652816	754405
38	1526637582	1733778009	754405
37	1526031416	1732914009	754405
36	1525889547	1732050017	754405
35	1525693112	1731186009	754405
34	1525534039	1730408407	754405
33	1525521718	1730322011	754405
32	1524935377	1727730008	754405
31	1524920729	1727643609	754405
30	1524731867	1726779620	754405
29	1524493253	1725915621	754405
28	1524301334	1725138012	754405
27	1524283885	1725051615	754405
26	1524268830	1724965874	754405
25	1523987026	1724101235	754405
24	1523576085	1723237870	754405
23	1523328054	1722459619	754405
22	1523295853	1722373219	754405
21	1521360472	1719781213	754405
20	1521346496	1719694829	754405
19	1520566508	1717189217	754405
18	1520548574	1717102814	754405
17	1520535738	1717016410	754405
16	1520327582	1716152413	754405
15	1520094047	1715288409	754405
14	1519938451	1714510830	754405
13	1519922039	1714424409	754405
12	1519304363	1711918811	754405
11	1519290263	1711832410	754405
10	1519275324	1711746020	754405
9	1519134098	1710958526	754405
8	1518870599	1710018018	754405
7	1518664054	1709240427	754405
6	1518647172	1709154019	754405
5	1517942248	1706734823	754405
4	1517924155	1706648426	754405
3	1517891934	1706562023	754405
2	1517514580	1705698019	754405
1	1517290861	1704834019	754405
0	1517089894	1704057751	754405
