slug: echo-13-charlies-anglers
title: "Echo-13 \"Charlie's Anglers\""
tags: ["document", "mst", "translated"]
31	1526802709	1734697505	9487909
30	1526802706	1734697497	9487909
29	1513128554	1692575310	3050074
28	1362082741	1617762022	3672751
27	1362082736	1617761998	3672751
26	1358488296	1608226814	3970162
25	1358488254	1608226634	3970162
24	1358478069	1608189648	3970162
23	1189206924	1591289146	3118961
22	1189201093	1591289035	3118961
21	1075276567	1587837652	3118961
20	1045528716	1582393282	3118961
19	904432337	1565990523	4383784
18	902942145	1565710078	3118961
17	886991934	1562892968	4105536
16	688470809	1553385084	2776183
15	688462395	1553384969	2776183
14	682665203	1552524433	2930589
13	640372973	1548763563	4583766
12	560560696	1546500109	4105536
11	535449410	1545435883	3952836
10	455378752	1544070175	4105536
9	455339398	1544070017	4105536
8	426204740	1543150553	4105536
7	426199254	1543146343	4105536
6	401113797	1542412333	4105536
5	247705216	1540221890	4304662
4	225828923	1540002689	3625466
3	218940577	1539915453	4105536
2	218925896	1539914686	4105536
1	218917474	1539914380	4105536
0	218910717	1539913565	4105536
