slug: rpc-856
title: "RPC-856"
tags: ["beta", "ideological-hazard", "mechanical-hazard", "orange", "rpc", "sensory-hazard"]
24	1524776073	1726946111	5982545
23	1524776065	1726946059	5982545
22	1512494688	1690316629	5982545
21	1362062470	1617657602	3672751
20	1362062300	1617656824	3118961
19	1362062295	1617656793	3118961
18	1359476929	1611891182	3118961
17	1359476857	1611891023	3118961
16	1359476856	1611891018	3118961
15	1073852047	1587231807	3638389
14	1073852043	1587231794	3638389
13	1048040847	1583324371	3118961
12	1046908239	1582573599	3919635
11	1000666820	1575599082	1315056
10	957440161	1569441072	2930589
9	951991528	1568919269	2930589
8	900935009	1565399848	3919635
7	897467023	1564686601	3638389
6	895595138	1564524408	3919635
5	895546863	1564516389	4315330
4	895524910	1564513118	3919635
3	895524869	1564513103	3919635
2	895524861	1564513048	3919635
1	895524856	1564513032	3919635
0	895524820	1564512985	3919635
