slug: shortstories
title: "Короткие истории"
tags: ["Ивент"]
16	1513068719	1692282395	6037747
15	1460761805	1651470884	6037747
14	1460761791	1651470798	6037747
13	1460157971	1650131392	6037747
12	1460157819	1650131159	6037747
11	1369412002	1629001078	6037747
10	1367391713	1627992942	6037747
9	1366798486	1625122278	6037747
8	1366798485	1625122262	6037747
7	1366482955	1623766342	6037747
6	1366399781	1623427266	2679482
5	1366381111	1623350507	6037747
4	1366380982	1623350252	6037747
3	1366380928	1623350005	6037747
2	1366380916	1623349973	6037747
1	1366380910	1623349954	6037747
0	1366380902	1623349898	6037747
