slug: amly-001
title: "AMLY-001"
tags: ["amly", "axium", "contacto", "control-mental", "divino", "psicotronico", "purpura", "sapiente", "tartarico", "transmutacion"]
72	1540354525	1765159654	9161410
71	1540337780	1765127991	9161410
70	1539324609	1762912864	9161410
69	1530934092	1752208018	9161410
68	1530125904	1747322483	9161410
67	1530106291	1747168165	9161410
66	1529989313	1746606610	9161410
65	1529989195	1746605520	7670356
64	1529914496	1746369643	9161410
63	1529914490	1746369625	9161410
62	1529851382	1746146589	9161410
61	1529277185	1744573452	9161410
60	1529135701	1744099542	9161410
59	1529133276	1744082911	9161410
58	1529133194	1744082375	9161410
57	1529133138	1744082027	9161410
56	1529133124	1744081912	9161410
55	1529133122	1744081858	9161410
54	1529132970	1744080601	9161410
53	1529132968	1744080575	9161410
52	1529090654	1743958856	9161410
51	1529090648	1743958840	9161410
50	1529090647	1743958825	9161410
49	1529025655	1743636642	9161410
48	1528629619	1742825733	9161410
47	1528629489	1742825124	9161410
46	1528629475	1742825070	9161410
45	1528629465	1742825010	9161410
44	1528629458	1742824977	9161410
43	1528618384	1742753515	9161410
42	1528610438	1742716332	9161410
41	1528360939	1741673701	9161410
40	1528358403	1741668424	9161410
39	1528329524	1741536612	9161410
38	1528329401	1741535598	9161410
37	1528305625	1741502245	9161410
36	1528305391	1741501975	9161410
35	1528305314	1741501878	9161410
34	1528126273	1740731312	9161410
33	1528119303	1740676646	9161410
32	1528113036	1740636346	9161410
31	1528111942	1740626042	9161410
30	1528111938	1740625988	9161410
29	1528111934	1740625932	9161410
28	1528084851	1740466548	9161410
27	1528065010	1740348628	9161410
26	1528065008	1740348603	9161410
25	1528064443	1740344134	9161410
24	1528064433	1740344028	9161410
23	1528064425	1740343959	9161410
22	1528064323	1740343102	9161410
21	1528064246	1740342750	9161410
20	1528064234	1740342663	9161410
19	1528064221	1740342586	9161410
18	1528053588	1740291961	9161410
17	1528053573	1740291909	9161410
16	1528053558	1740291848	9161410
15	1528053538	1740291763	9161410
14	1528053535	1740291748	9161410
13	1528053525	1740291713	9161410
12	1528053520	1740291690	9161410
11	1528053508	1740291621	9161410
10	1528053498	1740291550	9161410
9	1528053488	1740291524	9161410
8	1528053457	1740291343	9161410
7	1528053449	1740291308	9161410
6	1528053422	1740291121	9161410
5	1528053388	1740290916	9161410
4	1528044551	1740240427	9161410
3	1528044532	1740240323	9161410
2	1528030265	1740175205	9161410
1	1528030219	1740174794	9161410
0	1528030212	1740174764	9161410
