slug: archivos-amly
title: "Archivos AMLY"
tags: ["hub"]
53	1543609828	1777443536	9161410
52	1543313838	1776034737	9161410
51	1543159553	1775516801	9161410
50	1542064561	1771044537	9161410
49	1542035260	1770916395	9605771
48	1540495915	1765405164	9605771
47	1540341572	1765134799	9161410
46	1532314383	1758001411	9161410
45	1532314373	1758001342	9161410
44	1532314372	1758001314	9161410
43	1532314237	1758000260	9161410
42	1532314228	1758000148	9161410
41	1532314227	1758000119	9161410
40	1531946778	1756711574	9161410
39	1531634824	1755536281	7670356
38	1531634533	1755535010	9605771
37	1531451390	1754689453	9161410
36	1531383339	1754352661	9161410
35	1531351548	1754196477	7670356
34	1531345543	1754159877	9161410
33	1530706796	1751092165	9161410
32	1530463325	1749628986	9161410
31	1530281949	1748462863	9161410
30	1530236448	1748117233	9161410
29	1530211514	1747945369	9161410
28	1530211506	1747945343	9161410
27	1530198722	1747858498	9161410
26	1530198719	1747858437	9161410
25	1530198580	1747856891	9161410
24	1530198563	1747856827	9161410
23	1530198557	1747856783	9161410
22	1530198508	1747856561	9161410
21	1530198494	1747856508	9161410
20	1529543850	1745560559	9605771
19	1529528735	1745474500	9161410
18	1529415944	1745083834	9161410
17	1529307706	1744680198	9161410
16	1529213997	1744491030	9161410
15	1529152926	1744177384	9161410
14	1529151781	1744171999	9605771
13	1529112216	1744006699	9161410
12	1529074686	1743874951	9161410
11	1529066833	1743842662	9161410
10	1528981169	1743486665	9161410
9	1528601649	1742666591	9161410
8	1528381020	1741750777	9161410
7	1528375892	1741718405	9161410
6	1528137055	1740789596	9161410
5	1528126204	1740730966	9161410
4	1528077569	1740419848	9161410
3	1528077353	1740418275	9161410
2	1528076985	1740416372	9161410
1	1528044475	1740239941	9161410
0	1528032138	1740188515	9161410
