slug: grupos-de-interes
title: "Grupos de Interés"
tags: ["documento"]
80	1544164139	1779855212	9161410
79	1544163851	1779854188	9161410
78	1544163646	1779852751	9161410
77	1544163631	1779852664	9161410
76	1544163439	1779851306	9161410
75	1544163428	1779851212	9161410
74	1543855428	1778552709	9161410
73	1543855156	1778551092	9161410
72	1543855137	1778550989	9161410
71	1543854557	1778545973	9161410
70	1543854549	1778545908	9161410
69	1543854544	1778545855	9161410
68	1543854457	1778545297	9161410
67	1543783941	1778170503	9161410
66	1543783896	1778170156	9161410
65	1543783876	1778170049	9161410
64	1542833967	1774150602	9161410
63	1542700709	1773645257	9161410
62	1542700697	1773645162	9161410
61	1542686925	1773588757	9161410
60	1542662707	1773507531	9161410
59	1542662493	1773506422	9161410
58	1542661867	1773503662	9161410
57	1542661857	1773503621	9161410
56	1541415013	1768526662	9161410
55	1541414480	1768520851	9161410
54	1540331296	1765117091	9161410
53	1531655177	1755637479	9161410
52	1531634600	1755535376	9161410
51	1531486774	1754881524	9161410
50	1531190971	1753505269	9161410
49	1531092790	1753001763	9161410
48	1531092779	1753001703	9161410
47	1530430069	1749408548	9161410
46	1530430054	1749408350	9161410
45	1529923101	1746416723	9161410
44	1529714071	1745851839	9161410
43	1529497167	1745425150	9161410
42	1529488419	1745387607	9161410
41	1529488412	1745387543	9161410
40	1529488367	1745387248	9161410
39	1529088887	1743949190	9161410
38	1529083017	1743920564	9161410
37	1529082945	1743920112	9161410
36	1529082909	1743919884	9161410
35	1529082814	1743919320	9161410
34	1529078859	1743901694	9161410
33	1529076580	1743886510	9161410
32	1529064279	1743831305	9161410
31	1529064276	1743831281	9161410
30	1529063814	1743829732	9161410
29	1529063702	1743829199	9161410
28	1529063673	1743828984	9161410
27	1529057495	1743795171	9161410
26	1529057489	1743795128	9161410
25	1529057478	1743794994	9161410
24	1529057305	1743793844	9161410
23	1529057062	1743792971	9161410
22	1528505031	1742237676	9161410
21	1528081350	1740443928	9161410
20	1528081345	1740443901	9161410
19	1528081341	1740443875	9161410
18	1528081121	1740442087	9161410
17	1528076422	1740412907	9161410
16	1528075870	1740410043	9161410
15	1528075609	1740409211	9161410
14	1528075561	1740408950	9161410
13	1528068584	1740373819	9161410
12	1528068532	1740373739	9161410
11	1528068477	1740373608	9161410
10	1528068421	1740373186	9161410
9	1528068414	1740373112	9161410
8	1528062950	1740336901	9161410
7	1528062496	1740333854	9161410
6	1528052157	1740284688	9161410
5	1528050787	1740277721	9161410
4	1528050764	1740277616	9161410
3	1528050215	1740275230	9161410
2	1528050185	1740275073	9161410
1	1528050170	1740274991	9161410
0	1528045339	1740244235	9161410
