slug: guia-para-el-uso-de-imagenes
title: "Guia Para El Uso De Imagenes"
tags: []
16	1532517906	1759021768	9161410
15	1532517873	1759021598	9161410
14	1532517869	1759021581	9161410
13	1532517830	1759021542	9161410
12	1532517759	1759021363	9161410
11	1530014306	1746753207	9161410
10	1530014298	1746753174	9161410
9	1530014282	1746753059	9161410
8	1530014227	1746752768	9161410
7	1530014223	1746752737	9161410
6	1530014205	1746752580	9161410
5	1529392123	1744961930	9161410
4	1529392113	1744961862	9161410
3	1529392087	1744961724	9161410
2	1529391978	1744961314	9161410
1	1529391956	1744961183	9161410
0	1528093815	1740512520	9161410
