slug: component:caja-peligros-2
title: "Caja Peligros 2"
tags: ["componente"]
21	1540589259	1765599184	9161410
20	1540520812	1765465502	9161410
19	1540337583	1765127619	9161410
18	1533098584	1760836434	9161410
17	1533098521	1760836293	9161410
16	1530433658	1749433368	9161410
15	1530122096	1747291894	9161410
14	1530016304	1746768692	9161410
13	1529855005	1746165111	9161410
12	1529854830	1746164591	9161410
11	1529133133	1744081996	9161410
10	1529133101	1744081712	9161410
9	1529132995	1744080881	9161410
8	1529132990	1744080853	9161410
7	1528552564	1742547154	9161410
6	1528305594	1741502209	9161410
5	1528279546	1741446402	9161410
4	1528279326	1741445873	9161410
3	1528269051	1741418097	9161410
2	1528268896	1741417309	9161410
1	1528268878	1741417161	9161410
0	1528268648	1741416313	9161410
