slug: component:base-caja-peligros-2
title: "Base Caja Peligros 2"
tags: ["componente"]
59	1540588759	1765598499	9161410
58	1540520728	1765465389	9161410
57	1540468973	1765327160	9161410
56	1540337524	1765127522	9161410
55	1537464127	1762019552	9161410
54	1533098451	1760836225	9161410
53	1532517737	1759021120	9161410
52	1532460429	1758732210	9161410
51	1532460389	1758731943	9161410
50	1530783124	1751437668	9161410
49	1530540980	1750129699	9161410
48	1530433656	1749433353	9161410
47	1530430782	1749413307	9161410
46	1530430754	1749413109	9161410
45	1530417408	1749343080	9161410
44	1530374225	1749076786	9161410
43	1530122203	1747293199	9161410
42	1530122175	1747292841	9161410
41	1530122157	1747292621	9161410
40	1530122149	1747292520	9161410
39	1530122148	1747292478	9161410
38	1530122144	1747292429	9161410
37	1530122024	1747290985	9161410
36	1530121987	1747290693	9161410
35	1530016450	1746769794	9161410
34	1530016302	1746768670	9161410
33	1530016297	1746768624	9161410
32	1530016047	1746767193	9161410
31	1529854658	1746164098	9161410
30	1529854469	1746163456	9161410
29	1529854466	1746163427	9161410
28	1529854342	1746162954	9161410
27	1529854329	1746162884	9161410
26	1529854316	1746162785	9161410
25	1529854297	1746162617	9161410
24	1529854290	1746162577	9161410
23	1529854285	1746162561	9161410
22	1529854277	1746162526	9161410
21	1529854195	1746161929	9161410
20	1529854189	1746161887	9161410
19	1529135343	1744097355	9161410
18	1529135310	1744097033	9161410
17	1529133049	1744081309	9161410
16	1529133007	1744080974	9161410
15	1529133001	1744080934	9161410
14	1529128681	1744055041	9161410
13	1529025767	1743637359	9161410
12	1529025666	1743636827	9161410
11	1529025662	1743636754	9161410
10	1529025650	1743636555	9161410
9	1528306295	1741502996	9161410
8	1528306249	1741502936	9161410
7	1528289581	1741491717	9161410
6	1528279544	1741446396	9161410
5	1528278960	1741445159	9161410
4	1528269559	1741420938	9161410
3	1528269023	1741417914	9161410
2	1528268946	1741417552	9161410
1	1528268808	1741416915	9161410
0	1528268593	1741416025	9161410
