slug: _404
title: "_404"
tags: ["404"]
23	1541083903	1766791382	9161410
22	1540469594	1765328313	9161410
21	1530846247	1751788864	9161410
20	1530433644	1749433203	9161410
19	1530095752	1747100586	9161410
18	1530000949	1746682048	9161410
17	1530000946	1746682009	9161410
16	1530000941	1746681961	9161410
15	1530000938	1746681923	9161410
14	1530000935	1746681904	9161410
13	1530000929	1746681851	9161410
12	1530000922	1746681799	9161410
11	1530000914	1746681771	9161410
10	1529140556	1744124758	9161410
9	1529057320	1743793939	9161410
8	1529056893	1743792468	3090772
7	1529056882	1743792418	3090772
6	1528902200	1743121339	9161410
5	1528902184	1743121223	9161410
4	1528552543	1742546987	9161410
3	1528552526	1742546833	9161410
2	1528551999	1742543987	9161410
1	1528551951	1742543899	9161410
0	1528551947	1742543876	9161410
