slug: tango-12-eye-from-the-sky
title: "Tango-12 \"Eye From The Sky\""
tags: ["document", "mst", "pcaao", "translated"]
28	1544731490	1781862289	4330657
27	1544438166	1780576403	5982545
26	1526802668	1734697157	9487909
25	1526802667	1734697147	9487909
24	1526705965	1734085867	9487909
23	1526705960	1734085841	9487909
22	1366816064	1625218940	4870061
21	1366814429	1625209250	4870061
20	1366813807	1625206139	4870061
19	1366804930	1625156949	4870061
18	1366804830	1625156541	4870061
17	1366804780	1625156374	4870061
16	1366804774	1625156271	4870061
15	1366804772	1625156256	4870061
14	1366078380	1622279645	4870061
13	1358988836	1610261388	4870061
12	1358501244	1608296774	4870061
11	1358496039	1608274382	4870061
10	1358495980	1608273870	4870061
9	1357607819	1605326302	4870061
8	1355955924	1600615644	4870061
7	1318432601	1598240404	4870061
6	1294945980	1595888380	3118961
5	1290607378	1595818993	4870061
4	1290573198	1595818072	4870061
3	1290573144	1595818004	4870061
2	1290573139	1595817972	4870061
1	1290573083	1595817947	4870061
0	1290572067	1595817914	4870061
