slug: lab:meat-story
title: ""
tags: []
36	1357510952	1604905312	754405
35	1357502298	1604865922	6815712
34	1357502233	1604865779	6815712
33	1357495975	1604844031	754405
32	1357431568	1604746932	754405
31	1357431567	1604746918	754405
30	1357431556	1604746823	754405
29	1357418389	1604681745	754405
28	1357416849	1604677774	6815712
27	1357416843	1604677757	6815712
26	1357416833	1604677728	6815712
25	1357416807	1604677668	6815712
24	1357416796	1604677642	6815712
23	1357374699	1604521800	6815712
22	1357374689	1604521749	6815712
21	1357374684	1604521731	6815712
20	1357374670	1604521659	6815712
19	1357374647	1604521512	6815712
18	1357374617	1604521389	6815712
17	1357374592	1604521250	6815712
16	1357171983	1603631207	6815712
15	1357005834	1603210221	6815712
14	1357005789	1603210062	6815712
13	1357005774	1603210018	6815712
12	1357005719	1603209977	6815712
11	1356186319	1601470196	6815712
10	1356143845	1601314640	6815712
9	1356138598	1601292209	6815712
8	1356123159	1601227343	6815712
7	1356122986	1601226563	6815712
6	1356122859	1601226090	6815712
5	1356118735	1601204903	6815712
4	1356118613	1601204264	6815712
3	1356087775	1601061413	6815712
2	1335677327	1599759403	6815712
1	1335677309	1599759340	6815712
0	1319890545	1599490447	6815712
