slug: component:pcaao-theme
title: "PCAAO Theme"
tags: ["theme"]
72	1530350580	1748927590	9161410
71	1523155227	1721596880	5982545
70	1383794377	1634103889	4981794
69	1075274356	1587830481	3118961
68	904428103	1565980183	3118961
67	904427574	1565979636	3118961
66	796565714	1555799825	3646714
65	796563713	1555799778	3646714
64	796561325	1555799718	3646714
63	796555117	1555799581	3646714
62	796542882	1555799319	3952836
61	796541588	1555799288	3952836
60	796540468	1555799263	3952836
59	796539965	1555799237	3952836
58	699813162	1553606353	2241229
57	699813013	1553606054	2241229
56	699812976	1553605942	2241229
55	641552170	1549397586	2241229
54	546242932	1546229697	3118961
53	367020911	1541822734	3625466
52	209114448	1539494735	3207272
51	209109747	1539494702	3207272
50	197763850	1539397285	3207272
49	197757128	1539397233	3207272
48	197546395	1539394790	3625466
47	197544678	1539394754	3625466
46	197540034	1539394682	3625466
45	197537251	1539394645	3625466
44	197535869	1539394608	3625466
43	197535027	1539394594	3625466
42	185481107	1539289548	3207272
41	177930585	1539227215	4695861
40	177587450	1539224176	3207272
39	177582645	1539224149	3207272
38	177548112	1539223855	3207272
37	177500506	1539223496	3207272
36	177498203	1539223481	3207272
35	177496894	1539223465	3207272
34	177470935	1539223282	3207272
33	177458712	1539223183	3207272
32	177449876	1539223122	3207272
31	177397796	1539222656	3207272
30	177391550	1539222605	3207272
29	177390019	1539222574	3207272
28	177389581	1539222564	3207272
27	177388825	1539222553	3207272
26	177386245	1539222506	3207272
25	177380043	1539222474	3207272
24	177374751	1539222414	3207272
23	177372340	1539222389	3207272
22	177367011	1539222336	3207272
21	177363377	1539222294	3207272
20	175970459	1539210153	2773416
19	175953970	1539210012	2773416
18	175951401	1539209989	2773416
17	175949241	1539209975	2773416
16	175948188	1539209961	2773416
15	175946297	1539209947	2773416
14	175941323	1539209910	2773416
13	175920918	1539209731	2773416
12	175912674	1539209678	2773416
11	175889396	1539209499	2773416
10	175702849	1539207979	3207272
9	175695854	1539207899	3207272
8	175694784	1539207884	3207272
7	175691984	1539207850	3207272
6	175688711	1539207821	3207272
5	175680780	1539207747	3207272
4	175679422	1539207734	3207272
3	175559059	1539206784	4558857
2	175553435	1539206749	4558857
1	175535073	1539206597	3646714
0	175522178	1539206501	3646714
