slug: nav:side
title: "Sidebar menu"
tags: []
24	1520412581	1716363160	8285008
23	1519711407	1713527870	8285008
22	1519248034	1711577074	8285008
21	1519248028	1711577049	8285008
20	1519248019	1711577028	8285008
19	1519247964	1711576894	8285008
18	1519141712	1711002911	8285008
17	1519141709	1711002878	8285008
16	1519141705	1711002857	8285008
15	1518648547	1709161730	8285008
14	1518648543	1709161715	8285008
13	1518648537	1709161683	8285008
12	1518648533	1709161668	8285008
11	1518648527	1709161635	8285008
10	1518647817	1709157050	8285008
9	1518647800	1709157029	8285008
8	1518641779	1709126847	8285008
7	1518479515	1708586868	8285008
6	1518479511	1708586849	8285008
5	1075285386	1587875228	6295671
4	1075285384	1587875215	6295671
3	1073709892	1587106160	6295671
2	1073181818	1586564687	4293614
1	1073158614	1586488030	4293614
0	146413220	1535654036	4293614
