slug: rpc-060
title: "RPC-060"
tags: ["alpha", "ideological-hazard", "rpc", "translated", "transmutation-hazard", "yellow"]
29	1530175842	1747672427	9487909
28	1387269921	1638532254	5689914
27	1387269917	1638532244	5689914
26	901553004	1565455302	4315330
25	901553001	1565455285	4315330
24	681250399	1552236364	3638389
23	681250391	1552236349	3638389
22	681243113	1552211561	3646714
21	641734355	1549786674	4981794
20	641664852	1549630350	4981794
19	641664842	1549630337	4981794
18	641449457	1549136149	3118961
17	641449321	1549135844	3118961
16	580263385	1546987148	3638389
15	580263326	1546986894	3638389
14	366939853	1541800113	3952836
13	213422851	1539807870	3952836
12	213081567	1539798113	4695861
11	167190145	1539018291	2947029
10	166892375	1539012252	2947029
9	164585390	1538961270	4105536
8	148386558	1537755367	3722979
7	146711718	1535825633	2773416
6	142311548	1534508535	4297718
5	142311335	1534508486	4297718
4	133368886	1532028772	3992967
3	131745805	1531350334	2773416
2	131082443	1530898467	3995018
1	131081700	1530897918	3765552
0	128436954	1530090335	3784757
