slug: rpc-164
title: "RPC-164"
tags: ["animated-hazard", "aquatic-hazard", "ballistic-hazard", "children-of-nihil", "extreme-temperature-hazard", "mechanical-hazard", "nucorp", "red", "rpc", "sapient-hazard", "theta", "translated"]
41	1527143471	1736211716	9487909
40	1496163339	1665167061	6371726
39	1366736481	1624765714	7271260
38	1366736479	1624765703	7271260
37	1366736446	1624765464	7271260
36	1366736444	1624765456	7271260
35	1154054564	1590540406	2930589
34	1034481059	1580608484	2930589
33	1034481041	1580608408	2930589
32	1034481035	1580608384	2930589
31	1034481034	1580608370	2930589
30	1034457909	1580524094	3118961
29	1034282356	1580367307	2930589
28	1034282337	1580367218	5331749
27	1034282251	1580366796	2930589
26	1034282234	1580366738	2930589
25	1034282226	1580366699	2930589
24	1034282222	1580366672	2930589
23	1034257499	1580272224	5331749
22	1034257497	1580272212	5331749
21	950174465	1568685639	2930589
20	857613291	1560968085	2930589
19	847843508	1560017893	3638389
18	847190558	1558741180	3638389
17	847172629	1558670234	4981794
16	802017937	1556075610	3952836
15	794304658	1555772717	3638389
14	739648483	1555161864	4981794
13	685217763	1553316459	2930589
12	682666985	1552531885	2930589
11	682666972	1552531826	2930589
10	682416468	1552445674	2930589
9	682416436	1552445566	2930589
8	682077272	1552367921	3970162
7	673718384	1551864932	4981794
6	666251356	1551748361	2930589
5	666250889	1551748348	2930589
4	666135794	1551746860	2930589
3	666108231	1551746510	2930589
2	666100102	1551746413	2930589
1	666098033	1551746391	2930589
0	666095457	1551746362	2930589
