slug: rpc-899
title: "RPC-899"
tags: ["alpha", "beta", "black", "destabilization-hazard", "grouped-hazard", "omega", "rpc", "uncontained", "white"]
97	1530131399	1747363866	3672751
96	1517274087	1704754073	5982545
95	1510641162	1685471127	6507256
94	1379382100	1631538408	7271260
93	1073238022	1586712157	3638389
92	1073238016	1586712144	3638389
91	972481956	1572622206	4315330
90	972412104	1572620592	4315330
89	889349912	1563050460	3638389
88	889349814	1563050418	3638389
87	856096894	1560882294	3638389
86	682667806	1552533974	3970162
85	682667799	1552533957	3970162
84	682667761	1552533849	3970162
83	682667756	1552533830	3970162
82	682667747	1552533773	3970162
81	682667726	1552533741	3970162
80	682667496	1552533232	3970162
79	682667482	1552533167	3970162
78	682667411	1552533022	3970162
77	682667397	1552532999	3970162
76	682667204	1552532497	3970162
75	682667197	1552532468	3970162
74	682667089	1552532162	3970162
73	682667053	1552532075	3970162
72	682666977	1552531846	3970162
71	682666955	1552531769	3970162
70	682666948	1552531735	3970162
69	682666888	1552531544	3970162
68	682666871	1552531516	3970162
67	682666859	1552531485	3970162
66	682666840	1552531412	3970162
65	682666830	1552531387	3970162
64	682666793	1552531280	3970162
63	682666788	1552531250	3970162
62	682666757	1552531164	3970162
61	682666748	1552531123	3970162
60	682666714	1552531046	3970162
59	682666711	1552531034	3970162
58	682666690	1552530973	3970162
57	682666673	1552530887	3970162
56	682666660	1552530838	3970162
55	682666651	1552530783	3970162
54	682666649	1552530769	3970162
53	682666647	1552530763	3970162
52	682666590	1552530513	3970162
51	682666517	1552530181	3970162
50	682666514	1552530160	3970162
49	682666488	1552530080	3970162
48	682666419	1552529856	3970162
47	682666413	1552529824	3970162
46	682666409	1552529810	3970162
45	682666333	1552529360	3970162
44	682666329	1552529343	3970162
43	682664583	1552522558	3970162
42	682664505	1552522289	3970162
41	682664494	1552522266	3970162
40	682664488	1552522247	3970162
39	682664473	1552522205	3970162
38	682664466	1552522181	3970162
37	682664447	1552522109	3970162
36	682664446	1552522100	3970162
35	682663150	1552518366	1959500
34	682663124	1552518285	1959500
33	682663018	1552518131	1959500
32	682662948	1552517979	1959500
31	663672586	1551676240	1959500
30	651089154	1551443079	1959500
29	650493627	1551170069	1959500
28	650493613	1551170053	1959500
27	371989995	1541915616	1959500
26	367006944	1541805090	3952836
25	213328553	1539805786	3952836
24	168785354	1539061649	3952836
23	168685363	1539058640	2773416
22	168685044	1539058623	2773416
21	166907539	1539012599	2947029
20	164406770	1538957353	2976054
19	164401891	1538957197	2976054
18	164393188	1538956907	2976054
17	146717323	1535837951	2773416
16	140961208	1534187563	3349606
15	137590995	1533497238	3638389
14	133790309	1532300022	3638389
13	133747677	1532278305	1959500
12	133747623	1532278280	1959500
11	133576093	1532179262	1959500
10	132307412	1531523307	3549825
9	132307138	1531523274	3549825
8	132306642	1531523202	3549825
7	132236759	1531511175	3549825
6	132236326	1531511091	3549825
5	132234796	1531510859	3549825
4	131887044	1531404677	1959500
3	131812844	1531380211	1959500
2	131812463	1531380111	1959500
1	131803661	1531376493	4293284
0	131802698	1531376092	1959500
