slug: rpc-050
title: "RPC-050"
tags: ["alpha", "amazing.co", "contact-hazard", "rpc", "translated", "visual-hazard", "yellow"]
60	1542712586	1773698101	10197776
59	1530175754	1747672020	9487909
58	1506657867	1674173587	5982545
57	1506644099	1674121404	8310653
56	1496162818	1665165540	6371726
55	1388916573	1645058389	7287895
54	1368954615	1628992621	7299722
53	1356752692	1602707018	3118961
52	1356752673	1602706980	3118961
51	1356108722	1601151299	5689914
50	1355916531	1600496548	6264298
49	1012229357	1576274235	3992967
48	1012229346	1576274205	3992967
47	1012229343	1576274190	3992967
46	946003985	1568160980	3952836
45	933631966	1567559313	3118961
44	865375697	1561249203	1315056
43	847234150	1558905425	3207272
42	847234071	1558905222	3207272
41	682077531	1552368871	3970162
40	402514142	1542475153	3207272
39	402513166	1542475115	3207272
38	402512799	1542475097	3207272
37	378134658	1542073617	3638389
36	378132221	1542073582	3638389
35	358605477	1541660911	2906223
34	358004014	1541648582	4076346
33	358001561	1541648557	4076346
32	296934648	1540588568	3207272
31	296891077	1540588338	3207272
30	213507330	1539809645	3952836
29	213025978	1539795575	4695861
28	185686302	1539291329	3207272
27	185686297	1539291313	3207272
26	185686045	1539291302	3207272
25	168238732	1539045319	3952836
24	168153420	1539042427	3207272
23	168150914	1539042354	3207272
22	168133446	1539041839	2947029
21	167998193	1539037278	3207272
20	167990509	1539037040	3207272
19	167835406	1539032316	3646714
18	164595419	1538961482	4105536
17	164411201	1538957436	4105536
16	150720135	1538606059	3207272
15	146711344	1535825560	2773416
14	146685396	1535819750	3207272
13	146389525	1535647925	3207272
12	138070478	1533586599	3207272
11	136493135	1533177717	3207272
10	136492800	1533177563	3207272
9	136492647	1533177533	3207272
8	135468544	1532826878	4293284
7	134514548	1532540354	3207272
6	134500586	1532534469	3207272
5	134500547	1532534454	3207272
4	134500540	1532534432	3207272
3	133839133	1532324067	3207272
2	133815642	1532313957	3207272
1	133806870	1532310842	3099812
0	133797010	1532304409	3207272
