slug: rpc-682
title: "RPC-682"
tags: ["beta", "bio-hazard", "contact-hazard", "rpc", "sensory-hazard", "translated", "transmutation-hazard", "uncontained", "yellow"]
35	1525692262	1731181032	5982545
34	1496163854	1665169399	6371726
33	1496163850	1665169366	6371726
32	1474784060	1656710119	3970162
31	1366490455	1623814940	3672751
30	892556698	1563308605	2771478
29	740985747	1555183413	3952836
28	740947736	1555182752	3952836
27	644241531	1550377195	4981794
26	641670544	1549640704	4981794
25	641670138	1549639873	4981794
24	287824587	1540513951	3099812
23	213209265	1539800875	3952836
22	167915629	1539034858	3952836
21	164580921	1538961178	2976054
20	146717058	1535837082	2773416
19	145246079	1535317543	3646714
18	133620160	1532203752	3099812
17	133365875	1532022393	3099812
16	130843378	1530815318	3099812
15	130173651	1530579254	3099812
14	128901469	1530202239	2773416
13	128175562	1529982210	3099812
12	128168537	1529978813	4271216
11	128152808	1529963882	3099812
10	128134732	1529949005	3138246
9	128132673	1529947543	3099812
8	127998686	1529895350	3099812
7	127994909	1529893492	3099812
6	127992684	1529892151	2773416
5	127978523	1529883416	3099812
4	127972435	1529879976	3099812
3	127970623	1529879118	3099812
2	127968331	1529878009	3099812
1	127968282	1529877974	3099812
0	127966639	1529876965	3099812
