slug: random:random-rpc
title: "Random RPC"
tags: []
28	1234973852	1594738432	3118961
27	1234973848	1594738414	3118961
26	1234973844	1594738400	3118961
25	1234973833	1594738339	3118961
24	1234973817	1594738275	3118961
23	1234973765	1594738021	3118961
22	1234973755	1594737987	3118961
21	1234973750	1594737961	3118961
20	1234973747	1594737941	3118961
19	1234973683	1594737751	3118961
18	1234973669	1594737689	3118961
17	1234973580	1594737264	3118961
16	1234973144	1594735621	3118961
15	1234973122	1594735513	3118961
14	1234973118	1594735495	3118961
13	1234973112	1594735461	3118961
12	1234973083	1594735435	3118961
11	1234973066	1594735329	3118961
10	1234973061	1594735314	3118961
9	1234973026	1594735274	3118961
8	1234973025	1594735262	3118961
7	1234972952	1594734935	3118961
6	1234972942	1594734868	3118961
5	1234972932	1594734807	3118961
4	835517782	1557712389	3118961
3	835517554	1557712302	3118961
2	544789923	1546207734	3118961
1	347475045	1541119715	3118961
0	127968387	1529878050	4240294
