slug: security-clearance-levels
title: "Ranking, Divisions, and Security"
tags: []
44	1518699485	1709285201	8285008
43	1518699483	1709285177	8285008
42	1518699478	1709285121	8285008
41	1075246483	1587717054	6295671
40	1075246478	1587717035	6295671
39	1075246183	1587715965	6295671
38	1073860395	1587257225	6295671
37	1073829077	1587157036	6295671
36	1073709431	1587105115	4392748
35	1073709123	1587104462	6295671
34	1073709098	1587104400	6295671
33	1073257995	1586724090	5865769
32	1073225765	1586701115	5865769
31	1073225746	1586701078	5865769
30	1073225732	1586701028	5865769
29	1073225694	1586700798	5865769
28	1073111610	1586336756	4293614
27	1073110017	1586333479	5865769
26	1073099895	1586302227	4293614
25	1073099801	1586301698	4293614
24	1073099395	1586299768	4293614
23	1073067772	1586213801	4293614
22	1073049750	1586163344	4293614
21	1073049746	1586163330	4293614
20	1073038159	1586137401	4293614
19	1073038116	1586137289	4293614
18	1073037851	1586136652	4293614
17	1073037769	1586136465	4293614
16	1073037749	1586136425	4293614
15	1073037723	1586136360	4293614
14	1073037710	1586136328	4293614
13	1073034214	1586129028	4293614
12	1072990746	1585987174	4293614
11	1072958186	1585902934	4293614
10	1072950807	1585899249	4293614
9	1072950416	1585897895	4293614
8	1071550588	1585823311	4293614
7	1050607074	1584302724	4293614
6	1050607037	1584302644	4293614
5	144068677	1534977760	4293614
4	144044667	1534973208	4293614
3	144044198	1534973095	4293614
2	143765118	1534901372	4293614
1	143764621	1534901254	4293614
0	143764285	1534901181	4293614
