slug: a-013
title: "A-013"
tags: ["document", "gear", "goi-doc", "translated"]
36	1530315817	1748703934	9487909
35	1497166065	1667563015	6371726
34	1460224225	1650282413	7271260
33	1460213058	1650233085	3638389
32	1384265882	1634134293	5689914
31	1367314294	1627648040	7299722
30	1319169670	1599299618	6264298
29	1215189809	1593342097	6264298
28	1075274345	1587830446	3118961
27	1048385721	1584047202	3118961
26	1048385710	1584047168	3118961
25	1034683239	1581277991	3118961
24	1034681304	1581271205	3952836
23	1034680929	1581269963	3952836
22	902941962	1565709628	3118961
21	901587808	1565576538	5258122
20	897909208	1564704914	3118961
19	842139242	1557953028	4558857
18	684437312	1553300404	3118961
17	641455896	1549150933	3646714
16	550500823	1546308955	3584570
15	550500330	1546307801	3584570
14	550500085	1546307242	3584570
13	550499969	1546306999	3584570
12	550499954	1546306961	3584570
11	550499916	1546306883	3584570
10	550499909	1546306865	3584570
9	550499594	1546306010	3118961
8	550499292	1546305350	2280149
7	146725816	1535865968	3118961
6	146443232	1535662144	3305593
5	146442600	1535661960	3305593
4	146220336	1535606748	3118961
3	146216310	1535605677	3118961
2	146215645	1535605527	3970162
1	146215586	1535605517	3970162
0	146214795	1535605332	3305593
