slug: rpc-989
title: "RPC-989"
tags: ["beta", "memory-alteration-hazard", "organic-hazard", "rpc", "toxic-hazard", "yellow"]
18	1359716068	1612953062	5716946
17	890411257	1563161731	3638389
16	890411040	1563161707	3638389
15	847077380	1558477907	3952836
14	213324596	1539805552	3952836
13	167224350	1539018906	2947029
12	164935854	1538970032	2976054
11	164247524	1538953716	2976054
10	146717369	1535838035	2773416
9	137564644	1533494186	3638389
8	135032220	1532681368	2773416
7	135032178	1532681364	2773416
6	135032134	1532681339	2773416
5	132764400	1531702046	3952836
4	132749944	1531677448	4255713
3	132749928	1531677383	4319326
2	132749219	1531676082	4255713
1	132749210	1531676055	4255713
0	132749185	1531676013	4255713
