slug: top-rated-new-pages
title: "Top Rated New Pages"
tags: ["information"]
97	1522955745	1720536733	5982545
96	1522955518	1720535960	5982545
95	1387854667	1640438530	7271260
94	1366398441	1623420656	3952836
93	1364847815	1620018748	3118961
92	1364847764	1620018494	3118961
91	1364847741	1620018327	3118961
90	1363393817	1618886079	3118961
89	1362320054	1618606144	3118961
88	1289114289	1595797890	3118961
87	1185073888	1590970748	3118961
86	1084263050	1588460011	3118961
85	1075276673	1587837953	3118961
84	1075276630	1587837746	3118961
83	1075276379	1587836897	3118961
82	1075273643	1587828236	3118961
81	1073683844	1587053116	3118961
80	1073683635	1587052575	3118961
79	1073405899	1586824774	3118961
78	1073391471	1586808290	3118961
77	1073391459	1586808273	3118961
76	1073391269	1586808204	3118961
75	1073391113	1586808106	3118961
74	1073390113	1586807650	3118961
73	1073390050	1586807542	3118961
72	1073389651	1586807344	3118961
71	1073389523	1586807288	3118961
70	1047582924	1583104831	3118961
69	1047582914	1583104785	3118961
68	1043814055	1582319172	3118961
67	1043290653	1582294532	3118961
66	1035644505	1581963805	3118961
65	1034201393	1580075441	3118961
64	1034195654	1580053856	3118961
63	1034195525	1580053496	3118961
62	1034195522	1580053458	3118961
61	1034195514	1580053432	3118961
60	1034195379	1580053009	3118961
59	1034195375	1580052990	3118961
58	1034060825	1579572338	3118961
57	1034060057	1579568979	3118961
56	1034059967	1579568649	3118961
55	1034059953	1579568573	3118961
54	1033433989	1577156665	3118961
53	1033433975	1577156499	3118961
52	1033392205	1577024524	3118961
51	978889793	1572917264	3118961
50	955303540	1569093318	3118961
49	955303474	1569093204	3118961
48	902941262	1565708002	3118961
47	902941187	1565707625	3118961
46	902940772	1565706205	3118961
45	897657901	1564696014	3118961
44	844831708	1558036527	3118961
43	806664448	1556650495	3118961
42	683119845	1552687693	3118961
41	683119831	1552687650	3118961
40	683119739	1552687509	3118961
39	683119604	1552687145	3118961
38	683118698	1552684933	3118961
37	682541507	1552468645	3970162
36	682541503	1552468613	3970162
35	682415081	1552441456	3118961
34	682414908	1552440870	3118961
33	635898554	1548439777	3118961
32	546000067	1546225850	3118961
31	540969570	1546135969	3970162
30	352602613	1541315504	2773416
29	310013190	1540676791	1315056
28	247980399	1540224510	1315056
27	247978789	1540224488	1315056
26	247975455	1540224463	1315056
25	247970732	1540224410	1315056
24	247968961	1540224394	1315056
23	247967124	1540224379	1315056
22	247965644	1540224363	1315056
21	242862648	1540167737	2773416
20	213982910	1539825940	2773416
19	147447231	1536815203	2773416
18	146876344	1535981048	2773416
17	146855269	1535951618	2773416
16	146577517	1535755060	2773416
15	146515514	1535703963	2773416
14	146515509	1535703952	2773416
13	146515421	1535703645	2773416
12	145370008	1535348794	2773416
11	136289821	1533125559	2773416
10	136039692	1533027408	2773416
9	136039657	1533027331	2773416
8	136039638	1533027260	2773416
7	136039268	1533027144	2773416
6	136039079	1533026999	2773416
5	135462406	1532818020	4240294
4	134587568	1532567059	2773416
3	134587314	1532566976	2773416
2	134587175	1532566949	2773416
1	134040569	1532395811	4240294
0	134040447	1532395772	4240294
