slug: rpc-434
title: "RPC-434"
tags: ["beta", "extra-dimensional-hazard", "orange", "organic-hazard", "rpc", "sapient-hazard"]
11	1519767841	1713849967	3050074
10	881020903	1562452977	3638389
9	881020899	1562452927	3638389
8	635773833	1548370533	4264609
7	367006595	1541804240	3952836
6	164759279	1538965617	2773416
5	164759045	1538965608	2773416
4	146716733	1535835914	2773416
3	137600625	1533498531	3638389
2	131778456	1531365642	2773416
1	131741750	1531348494	2773416
0	131695683	1531330764	4264609
