slug: organizations:claw
title: "ЧВК \"Коготь\""
tags: ["ВИК", "Организация"]
16	1360569789	1615881131	6037747
15	1198157635	1591693205	4518363
14	1047528488	1582998892	4518363
13	1033538840	1577605130	5219975
12	1033513122	1577471721	2679482
11	1033513098	1577471568	2679482
10	1033513000	1577470901	4518363
9	1033512997	1577470887	4518363
8	1033512990	1577470864	4518363
7	1033512909	1577470751	2679482
6	1033512904	1577470731	2679482
5	1033512886	1577470619	2679482
4	1033512873	1577470554	2679482
3	1033512498	1577469293	2679482
2	1033373255	1576932996	2679482
1	1033328134	1576857358	2679482
0	1033327432	1576855541	2679482
