slug: rpc-165
title: "RPC-165"
tags: ["alpha", "bio-hazard", "ideological-hazard", "info-hazard", "memory-alteration-hazard", "orange", "rpc", "sensory-hazard"]
11	1357593273	1605264349	5716946
10	1084554108	1588874704	1315056
9	856139344	1560885265	3638389
8	681250956	1552238309	3638389
7	681243611	1552213830	3646714
6	672284529	1551842902	4850245
5	441129071	1543798499	4583766
4	439564157	1543728474	3638389
3	439564095	1543728340	3638389
2	439560178	1543719519	4850245
1	439559885	1543718812	4850245
0	439559869	1543718782	4850245
