slug: rpc-168
title: "RPC-168"
tags: ["co-authored", "extra-dimensional-hazard", "halloweenrpc", "immeasurable-hazard", "info-hazard", "neutralized", "omega", "purple", "rpc", "temporal-hazard"]
34	1513875021	1694388630	5982545
33	1227102703	1594517095	3118961
32	1222494485	1593903655	4315330
31	1073239377	1586712950	3638389
30	1073239374	1586712938	3638389
29	985816676	1574067310	4981794
28	950904988	1568784280	4558857
27	901565161	1565498678	3952836
26	893326975	1564262305	4583766
25	893326923	1564262275	4583766
24	888549324	1562968411	4583766
23	888225497	1562955438	4583766
22	888225465	1562955250	4583766
21	847190565	1558741232	3638389
20	794411294	1555773440	3638389
19	719257883	1554489811	2034709
18	690703117	1553449839	3646714
17	688990363	1553416040	3646714
16	645238475	1550487087	4981794
15	590364714	1547327488	2773416
14	589872464	1547230169	2034709
13	589863079	1547229899	2034709
12	580266619	1546996612	4558857
11	580266579	1546996577	4558857
10	538891039	1545883464	4981794
9	517238018	1544640347	2034709
8	517226528	1544640062	2034709
7	508332285	1544574064	3646714
6	508331488	1544574051	3646714
5	441139794	1543824056	2906223
4	439564109	1543728386	4558857
3	439564063	1543728222	3638389
2	439563992	1543727948	3638389
1	439561133	1543721566	4558857
0	439560771	1543720942	2034709
