slug: experiments-004-1
title: "Протокол экспериментов 004-1"
tags: []
51	1516893769	1703083994	6800964
50	1516858185	1703026925	754405
49	1515845489	1699322409	754405
48	1496237906	1665479525	754405
47	1365099597	1620909993	6800964
46	1365088617	1620838810	754405
45	1359901438	1613492131	3614016
44	1359901152	1613490893	3614016
43	1359900384	1613488295	754405
42	1124855695	1590327035	6069031
41	100166847	1516514233	2532662
40	99852992	1516299125	754405
39	79544622	1483117264	754405
38	66558843	1454511178	1407950
37	66557676	1454510119	2278265
36	66536411	1454485458	754405
35	63982200	1453575610	754405
34	63569719	1453490531	754405
33	57872666	1447148790	1669083
32	57872595	1447148419	754405
31	55916793	1440222014	754405
30	53221418	1428940937	754405
29	53220721	1428938384	754405
28	53178115	1428680541	754405
27	53162248	1428594150	754405
26	53161766	1428592730	754405
25	53160823	1428589264	754405
24	53159580	1428583302	754405
23	53142039	1428502653	754405
22	53123157	1428420592	1891493
21	53121775	1428415929	754405
20	53121727	1428415636	1938919
19	53118243	1428400338	754405
18	53079399	1428212584	1938919
17	53076686	1428198289	754405
16	53067369	1428159633	754405
15	52751189	1426873094	754405
14	52751104	1426872677	754405
13	51813806	1421946058	754405
12	51598467	1420555047	1191487
11	51575942	1420415061	754405
10	50863920	1415640132	754405
9	50798312	1415200515	754405
8	50798265	1415200335	1191487
7	50798200	1415200088	754405
6	45381456	1391181487	754405
5	29775205	1334598820	1172670
4	29775187	1334598751	1172670
3	29688636	1334070274	754405
2	29688551	1334069884	1172670
1	29677751	1334006039	1172670
0	29672578	1333976452	754405
