slug: rpc-942
title: "RPC-942"
tags: ["aggression-hazard", "contact-hazard", "gamma", "red", "rpc", "sentient-hazard"]
26	1544788213	1782081970	7013424
25	1518756597	1709399186	8774075
24	1518650124	1709172987	8774075
23	1518650117	1709172924	8774075
22	1518594637	1708874428	5982545
21	1518594593	1708874171	5982545
20	1518594587	1708874158	5982545
19	1518594585	1708874147	5982545
18	1518594582	1708874132	5982545
17	1518594578	1708874118	5982545
16	1518524889	1708749740	8774075
15	1515999607	1699991498	8774075
14	1515956704	1699806389	8774075
13	1515923293	1699683900	8774075
12	1515923086	1699682892	3050074
11	1515923023	1699682491	8774075
10	1515923016	1699682446	8774075
9	1515922769	1699681516	8774075
8	1515921114	1699675570	8774075
7	1515920989	1699675373	8774075
6	1515917906	1699655562	8774075
5	1515917900	1699655502	8774075
4	1515826178	1699246514	3050074
3	1515826174	1699246495	3050074
2	1515824291	1699239817	8774075
1	1515824092	1699239039	8774075
0	1515824027	1699238810	8774075
