slug: gd-elections-2024
title: "GD Elections Page 2024"
tags: ["contest"]
43	1520930602	1718385289	5982545
42	1517385154	1705096339	4433848
41	1517384418	1705092710	4433848
40	1517020875	1703720316	3050074
39	1517019989	1703714583	4433848
38	1517019983	1703714524	4433848
37	1516991716	1703509374	4433848
36	1516917270	1703179724	4433848
35	1516486901	1701721855	4433848
34	1516444887	1701557706	4433848
33	1516444522	1701556206	4433848
32	1516432727	1701521701	4433848
31	1516415860	1701474723	4433848
30	1516414680	1701470903	4433848
29	1516407752	1701446530	4433848
28	1516407632	1701445950	4433848
27	1516407617	1701445859	4433848
26	1516407550	1701445540	4433848
25	1516407481	1701445269	4433848
24	1516407446	1701445099	4433848
23	1516399157	1701416826	7850574
22	1516394032	1701394140	4433848
21	1516393980	1701393940	4433848
20	1516383126	1701354325	7320700
19	1516299013	1701118058	7320700
18	1516293679	1701095895	4433848
17	1516289381	1701080622	4433848
16	1516289359	1701080493	4433848
15	1516253864	1700941602	4433848
14	1516204374	1700772362	4433848
13	1516204335	1700772264	4433848
12	1516177710	1700682805	7320700
11	1516176013	1700676922	4433848
10	1516176004	1700676836	4433848
9	1516100428	1700477094	4433848
8	1516099382	1700473726	4433848
7	1515916162	1699645085	4433848
6	1515889358	1699507542	3050074
5	1515889355	1699507521	3050074
4	1515886607	1699489865	4433848
3	1515886296	1699487769	4433848
2	1515886282	1699487660	4433848
1	1515886274	1699487593	4433848
0	1515886268	1699487551	4433848
