slug: rpc-140
title: "RPC-140"
tags: ["aggression-hazard", "gamma", "grouped-hazard", "organic-hazard", "purple", "regenerative-hazard", "rpc", "sentient-hazard", "translated"]
41	1474976825	1656713479	3970162
40	1362215372	1618193702	3512728
39	1362004502	1617370188	7271260
38	1355916601	1600496862	6264298
37	1215185540	1593322585	6264298
36	1084549771	1588866777	1315056
35	1073101020	1586306962	3638389
34	1073101014	1586306948	3638389
33	1048148013	1583621093	3952836
32	949062912	1568507575	4583766
31	949062909	1568507559	4583766
30	939345583	1567690010	3118961
29	865375954	1561250345	1315056
28	585157324	1547172306	2773416
27	377226250	1542055325	3638389
26	287638833	1540512877	3099812
25	237283439	1540106975	3638389
24	213529973	1539810186	3952836
23	213274597	1539803745	3952836
22	213273907	1539803725	3952836
21	168184012	1539043646	3952836
20	166886961	1539012179	2947029
19	164852038	1538968144	4558857
18	164625054	1538962256	3099812
17	146716141	1535834403	2773416
16	135013725	1532676511	4293284
15	134994861	1532670278	3099812
14	134968240	1532661837	4293284
13	134963751	1532660194	4293284
12	134958735	1532658643	4293284
11	134954324	1532657543	4293284
10	133447452	1532121507	3099812
9	132882532	1531792809	4293284
8	131366400	1531165302	3099812
7	131364937	1531164508	3099812
6	131364889	1531164498	3099812
5	131364411	1531164268	2773416
4	131363752	1531163926	3099812
3	131363680	1531163893	3099812
2	131363630	1531163861	3099812
1	131355820	1531160158	3099812
0	131355818	1531160132	3099812
