slug: component:fca-theme
title: "FCA Theme"
tags: []
21	1075271580	1587822033	5928651
20	1075271520	1587821921	5928651
19	1075271481	1587821878	5928651
18	1075271467	1587821826	5928651
17	1075271457	1587821780	5928651
16	1075271441	1587821721	5928651
15	1075271431	1587821678	5928651
14	1075271370	1587821581	5928651
13	1075271367	1587821556	5928651
12	1075271298	1587821449	5928651
11	1075270831	1587820084	5928651
10	1075270827	1587820047	5928651
9	1075270816	1587819986	5928651
8	1075270810	1587819966	5928651
7	1075270805	1587819937	5928651
6	1075270780	1587819810	5928651
5	1075270775	1587819784	5928651
4	1075270773	1587819764	5928651
3	1075270763	1587819689	5928651
2	1075270748	1587819623	5928651
1	1075270742	1587819596	5928651
0	1075270205	1587817562	5928651
