slug: rpc-227
title: "RPC-227"
tags: ["alpha", "rpc", "sapient-hazard", "white"]
30	1518742968	1709336967	2947029
29	1518742960	1709336946	2947029
28	1495834047	1664274884	7803981
27	1474886567	1656711608	3970162
26	1474682968	1656708400	3970162
25	1224161569	1594239602	4315330
24	858039825	1560981691	3638389
23	858039498	1560981673	3638389
22	856123103	1560884762	3638389
21	854259379	1560817240	3638389
20	854207542	1560815902	4583766
19	854201842	1560815641	4583766
18	367006270	1541803447	3952836
17	288674941	1540518348	4548098
16	237197724	1540106286	3638389
15	213075258	1539797703	4695861
14	198857260	1539405912	4548098
13	168389266	1539049565	2906223
12	168386482	1539049504	2906223
11	164942216	1538970185	4105536
10	164795454	1538966825	2976054
9	163651137	1538940122	4548098
8	146716355	1535834806	2773416
7	144164663	1534997902	2773416
6	142804992	1534647822	1171446
5	142650462	1534610326	2773416
4	142475166	1534548214	1171446
3	142472203	1534547557	1171446
2	142471801	1534547490	1171446
1	142470477	1534547209	1171446
0	142466509	1534546241	1171446
