slug: research-011-main
title: "Изучение 011 - Основа"
tags: []
69	75832523	1465506042	754405
68	75832518	1465506017	754405
67	55916806	1440222055	754405
66	52924457	1427566994	754405
65	52921853	1427554430	1191487
64	52854670	1427298614	754405
63	52854649	1427298379	1191487
62	52842053	1427249439	754405
61	52842027	1427249192	754405
60	52833250	1427216028	1191487
59	52780853	1427028863	1938919
58	52750493	1426870393	754405
57	52750481	1426870257	1191487
56	52750457	1426870111	754405
55	52750254	1426869582	754405
54	52750237	1426869478	1191487
53	52713022	1426708797	1938919
52	52709292	1426693363	754405
51	52708865	1426691039	754405
50	52708693	1426690285	1191487
49	52661634	1426455247	754405
48	52644900	1426348284	1191487
47	52644521	1426347110	1191487
46	52623496	1426233380	1407950
45	52609178	1426171626	1191487
44	52608671	1426170281	1191487
43	52533946	1425827530	754405
42	52533865	1425827125	1191487
41	52533848	1425826843	754405
40	52533503	1425825392	1191487
39	52445585	1425407316	754405
38	52442823	1425396022	1191487
37	52442810	1425395988	1191487
36	52442802	1425395962	1191487
35	50947717	1416148860	754405
34	48990790	1406820212	754405
33	48790590	1405865746	754405
32	48790490	1405865056	1191487
31	48790300	1405864174	754405
30	48790201	1405863835	1191487
29	48776283	1405778396	754405
28	48776227	1405778049	1191487
27	48740884	1405631885	754405
26	48740793	1405631521	754405
25	48736414	1405605732	1191487
24	48723647	1405531554	754405
23	48722402	1405526057	1407950
22	48721259	1405520895	1191487
21	45441979	1391437747	754405
20	45441785	1391436726	1191487
19	45382390	1391184131	754405
18	45296913	1390880120	1407950
17	45285188	1390834072	754405
16	45284575	1390831858	1191487
15	35948273	1362555565	754405
14	35858327	1362148579	1525451
13	34966159	1358240914	754405
12	34933943	1358087647	1191487
11	34654820	1357225595	754405
10	34654339	1357224212	1191487
9	34654260	1357223910	754405
8	34653593	1357222133	1191487
7	33237403	1352451073	1191487
6	33199881	1352285284	754405
5	33197718	1352277054	1191487
4	33183422	1352213561	754405
3	33182803	1352211933	1191487
2	32186670	1347983293	754405
1	32185154	1347978409	1191487
0	32185144	1347978356	1191487
