slug: elysian-plane
title: "Elysian Plane"
tags: ["document", "lore", "research", "translated"]
32	1542498905	1772960106	4330657
31	1542498899	1772960074	4330657
30	1542498887	1772959975	4330657
29	1542498877	1772959907	4330657
28	1541790355	1770276866	4330657
27	1532741253	1759760891	4330657
26	1532420394	1758522852	4330657
25	1531798931	1756296129	4330657
24	1531796002	1756285034	4330657
23	1531794483	1756279717	4330657
22	1531793191	1756275182	2947029
21	1531259208	1753773109	4330657
20	1530465887	1749645980	9487909
19	1530465883	1749645971	9487909
18	1530447588	1749524936	4330657
17	1519182267	1711237260	4330657
16	1519151778	1711061408	4330657
15	1519138398	1710984087	4330657
14	1519138391	1710984037	4330657
13	1519138371	1710983769	4330657
12	1519138349	1710983403	4330657
11	1519138347	1710983391	4330657
10	1519138342	1710983370	4330657
9	1519138339	1710983360	4330657
8	1519138338	1710983350	4330657
7	1519138337	1710983339	4330657
6	1519138335	1710983327	4330657
5	1519138333	1710983315	4330657
4	1519138329	1710983273	4330657
3	1519138325	1710983259	4330657
2	1519138323	1710983241	4330657
1	1519138321	1710983212	4330657
0	1519138316	1710983171	4330657
