slug: rpc-199
title: "RPC-199"
tags: ["aggression-hazard", "extra-dimensional-hazard", "grouped-hazard", "omega", "orange", "organic-hazard", "rpc"]
36	1459575799	1648333697	7320700
35	1356792724	1602860355	5716946
34	1073241104	1586714249	3638389
33	1073241101	1586714234	3638389
32	901563991	1565494453	4315330
31	893327813	1564262683	4583766
30	893327810	1564262660	4583766
29	893327654	1564262631	4583766
28	888225529	1562955583	4583766
27	888225526	1562955567	4583766
26	700776280	1553640565	4548098
25	700775429	1553640503	4548098
24	508336069	1544574147	3646714
23	508333710	1544574101	3646714
22	377243271	1542055520	3638389
21	377236549	1542055451	3638389
20	367006084	1541803174	3952836
19	213326533	1539805637	3952836
18	208633327	1539489514	1948308
17	185543889	1539290043	3952836
16	185542008	1539290026	3952836
15	164546330	1538960360	3646714
14	146716300	1535834698	2773416
13	137611096	1533500146	3638389
12	132546873	1531592880	3506589
11	130453828	1530687114	4308987
10	130302607	1530628293	3549825
9	129245130	1530284740	4270931
8	128614484	1530135861	1948308
7	127284352	1529627208	4271216
6	127276602	1529625368	1948308
5	127258030	1529620731	1948308
4	127256076	1529620255	1948308
3	127255880	1529620225	1948308
2	127237442	1529616130	1948308
1	127232980	1529615272	1948308
0	127232228	1529615078	1948308
