slug: rpc-875
title: "RPC-875"
tags: ["aggression-hazard", "beta", "grouped-hazard", "orange", "organic-hazard", "rpc", "sapient-hazard", "teleportation-hazard", "unaac", "uncontained"]
37	1495327772	1662908990	4870061
36	1489077773	1661712912	4870061
35	1489019591	1661712512	4870061
34	1488829497	1661710720	4870061
33	1488545055	1661709161	4870061
32	1488498863	1661666002	4870061
31	1488498664	1661665203	4870061
30	1474682956	1656708379	3672751
29	1396710728	1647088464	4981794
28	1388000894	1641334025	2776183
27	1367169877	1627044263	4870061
26	1366813841	1625206381	4870061
25	1366806737	1625167684	4870061
24	1366806188	1625164575	4870061
23	1366805718	1625161608	4870061
22	1359430262	1611719276	4870061
21	1359390642	1611517504	4870061
20	1358496007	1608274081	4870061
19	1358495937	1608273785	4870061
18	1357735729	1605813334	4870061
17	1357735710	1605813247	4870061
16	1356382025	1602004888	4870061
15	1356091920	1601078526	4870061
14	1356025537	1600890373	4870061
13	1356006130	1600807340	4870061
12	1355985863	1600741034	3672751
11	1355957924	1600623415	5293995
10	1355955426	1600614021	4870061
9	1355955420	1600613993	4870061
8	1355952943	1600604715	4870061
7	1355952305	1600601726	4870061
6	1355952168	1600601464	4870061
5	1355951953	1600600699	4870061
4	1355951784	1600599653	4870061
3	1355951760	1600599524	4870061
2	1355951624	1600598723	4870061
1	1355951611	1600598658	4870061
0	1355951605	1600598623	4870061
