slug: rpc-186
title: "RPC-186"
tags: ["amazing.co", "explosive-hazard", "gamma", "orange", "regenerative-hazard", "rpc", "sapient-hazard", "sensory-hazard", "translated", "transmutation-hazard"]
43	1544940021	1782845968	5575539
42	1544939868	1782844853	5575539
41	1544939857	1782844765	5575539
40	1544747794	1781935370	9161410
39	1527177289	1736429611	5197199
38	1527177265	1736429476	5197199
37	1366469757	1623682137	5716946
36	1362076163	1617727277	3672751
35	1362076088	1617727108	3672751
34	1362076078	1617727078	3672751
33	1362076070	1617727052	3672751
32	1359282254	1611185784	5575539
31	1359282205	1611185658	5575539
30	1359282185	1611185550	5575539
29	1359282175	1611185472	5575539
28	1359282093	1611185184	5575539
27	1359281983	1611184924	5575539
26	1359281788	1611184453	5575539
25	1356767480	1602761021	5575539
24	1356521069	1602251650	5575539
23	1356499478	1602189199	5575539
22	1356499296	1602188513	5575539
21	1356499285	1602188472	5575539
20	1356499268	1602188398	5575539
19	1356499265	1602188385	5575539
18	1356499224	1602188321	5575539
17	1356499207	1602188254	5575539
16	1356499197	1602188197	5575539
15	1356499143	1602188128	5575539
14	1356499140	1602188114	5575539
13	1356499137	1602188095	5575539
12	1356486916	1602158206	5575539
11	1356416643	1602070051	5575539
10	1356223499	1601570462	5575539
9	1356213718	1601541731	5575539
8	1356213707	1601541716	5575539
7	1356114539	1601180433	5575539
6	1356114506	1601180114	5575539
5	1356113825	1601176020	5575539
4	1356112411	1601170132	5575539
3	1356112267	1601169558	5575539
2	1356111994	1601168348	5575539
1	1356109497	1601155945	5575539
0	1356109325	1601155002	5575539
