slug: done-and-dusted
title: "The Done and Dusted Contest"
tags: ["contest"]
23	1525036628	1728087086	5982545
22	1525036622	1728087052	5982545
21	1525036533	1728085759	1619464
20	1524922701	1727660191	5258122
19	1524922365	1727657755	5258122
18	1524922350	1727657640	5258122
17	1524922240	1727656868	5258122
16	1524921104	1727646693	5258122
15	1524919402	1727634981	3050074
14	1524919399	1727634973	3050074
13	1524919021	1727633267	5258122
12	1524919010	1727633209	5258122
11	1524028887	1724175717	5258122
10	1523466002	1722832057	5258122
9	1523111818	1721364413	3050074
8	1522059323	1720285401	4433848
7	1520922835	1718341565	3050074
6	1520921536	1718331019	5982545
5	1520920406	1718322754	5982545
4	1520919620	1718317819	5982545
3	1520919583	1718317308	5258122
2	1520919515	1718316887	5982545
1	1520919493	1718316803	5982545
0	1520919458	1718316612	5258122
