slug: include:object-info
title: "Object Info"
tags: []
26	1311990013	1598045184	4518363
25	1311990002	1598045105	4518363
24	1203861400	1592166973	4518363
23	1073674928	1587021356	4518363
22	1073674909	1587021310	4518363
21	1073674885	1587021258	4518363
20	1073674752	1587020960	4518363
19	1050814939	1584710206	4518363
18	1050809411	1584692119	4518363
17	1048166117	1583676859	4518363
16	1034474853	1580583896	4518363
15	1034445682	1580484738	4518363
14	1034445678	1580484726	4518363
13	1034445664	1580484680	4518363
12	1033991977	1579359471	4518363
11	1033991973	1579359424	4518363
10	1033991945	1579359279	4518363
9	1033991941	1579359257	4518363
8	1033991938	1579359235	4518363
7	1033991932	1579359219	4518363
6	1033991922	1579359155	4518363
5	1033991919	1579359110	4518363
4	1033991863	1579358938	4518363
3	1033991850	1579358849	4518363
2	1033991838	1579358759	4518363
1	961576180	1570125723	4518363
0	961576169	1570125679	4518363
