slug: the-research-protection-and-containment-of-me-colonelgw-iano
title: "The Research, Protection and Containment of ME (ColonelGW/Ianofdoom2 Author Page)"
tags: ["author-page"]
18	1532634994	1759519660	9564345
17	1532634990	1759519647	9564345
16	1532631250	1759511405	9564345
15	1532631139	1759511284	9564345
14	1532630915	1759511039	9564345
13	1532630879	1759510992	9564345
12	1532630774	1759510858	9564345
11	1532630750	1759510830	9564345
10	1532565300	1759256064	9564345
9	1532565295	1759256039	9564345
8	1531054654	1752786118	9564345
7	1531054650	1752786097	9564345
6	1530509445	1749942534	5982545
5	1530415811	1749331011	9564345
4	1529974830	1746519451	9564345
3	1528185483	1741035914	5689914
2	1528135408	1740780624	9564345
1	1528135203	1740779107	9564345
0	1528135191	1740779023	9564345
