slug: fragment:author-page-list-1
title: "Author Page List Part 1"
tags: []
34	1544643580	1781470300	5982545
33	1544566725	1781126488	5982545
32	1544493856	1780821629	5982545
31	1544097049	1779568044	3672751
30	1542961840	1774667201	3672751
29	1542948627	1774635214	3672751
28	1529397959	1744990725	5982545
27	1529397886	1744990509	5982545
26	1525371986	1729505366	5982545
25	1525371962	1729505220	5982545
24	1525191581	1728738902	5982545
23	1524315285	1725205439	5982545
22	1523135382	1721485953	5982545
21	1523107654	1721338608	3672751
20	1523107644	1721338461	3672751
19	1523107637	1721338370	3672751
18	1523080799	1721235794	5982545
17	1522941842	1720455817	5982545
16	1522941696	1720455046	5982545
15	1522941674	1720454915	5982545
14	1522941655	1720454800	5982545
13	1520717369	1717777733	3050074
12	1517480334	1705540782	5982545
11	1517153894	1704410165	5982545
10	1516941835	1703279825	5982545
9	1515543068	1698529275	3672751
8	1513712572	1693845103	5982545
7	1513132219	1692586350	3672751
6	1513110726	1692483656	5982545
5	1513110686	1692483327	5982545
4	1512113877	1688954867	5982545
3	1512007892	1688684354	5982545
2	1512007874	1688684274	5982545
1	1509394371	1681251531	5982545
0	1509394366	1681251462	5982545
