slug: rpc-533
title: "RPC-533"
tags: ["aggression-hazard", "aquatic-hazard", "ballistic-hazard", "gamma", "grouped-hazard", "microscopic-hazard", "purple", "rpc", "sapient-hazard", "titanic-hazard"]
12	1510013609	1683203067	7320700
11	1509966442	1682992676	3050074
10	1509966437	1682992644	3050074
9	1509920826	1682794730	7810432
8	1509919440	1682787501	7810432
7	1509919284	1682787150	3050074
6	1509919147	1682786727	7810432
5	1509919138	1682786663	7810432
4	1509918658	1682784537	7810432
3	1509918633	1682784417	7810432
2	1509918445	1682783518	7810432
1	1509918442	1682783495	7810432
0	1509918432	1682783455	7810432
