slug: grp-020
title: "GRP-020 - \"Septeds\""
tags: ["aquatic-hazard", "climatological-hazard", "corrosive-hazard", "cosmic-embers", "document", "ecological-hazard", "electromagnetic-force-hazard", "extra-terrestrial-hazard", "extreme-temperature-hazard", "gamma", "geological-hazard", "grouped-hazard", "grp", "mind-control-hazard", "orange", "organic-hazard", "regenerative-hazard", "sapient-hazard", "titanic-hazard", "toxic-hazard", "transmutation-hazard"]
22	1515233483	1697971641	3293845
21	1514545845	1696498373	4981794
20	1514545804	1696498293	4981794
19	1514545773	1696498279	4981794
18	1514446113	1696314968	4846863
17	1510608573	1685304210	5982545
16	1510169710	1683720659	3293845
15	1510099693	1683499166	3293845
14	1510091664	1683474380	3293845
13	1510091144	1683472498	3293845
12	1510089301	1683464221	3293845
11	1510089037	1683463169	3293845
10	1510089015	1683463064	3293845
9	1510085459	1683447955	3293845
8	1510076961	1683393570	3293845
7	1510076117	1683388764	3293845
6	1510076083	1683388634	3293845
5	1510075956	1683388143	3293845
4	1510075786	1683387489	5258122
3	1510075126	1683384450	3293845
2	1510074903	1683383853	3293845
1	1510074669	1683383020	3293845
0	1510074649	1683382965	3293845
