slug: rpc-673
title: "RPC-673"
tags: ["beta", "digital-hazard", "explained", "rpc", "visual-hazard", "white"]
20	1545361166	1784610759	4330657
19	1542593050	1773212943	4330657
18	1542593045	1773212914	4330657
17	1532193018	1757350182	4330657
16	1511637509	1687919679	4330657
15	1511161611	1686369458	4330657
14	1511126713	1686288360	4330657
13	1510670159	1685646077	6371726
12	1510670152	1685646017	6371726
11	1510647462	1685518083	4330657
10	1510509721	1685045493	4330657
9	1510461241	1684953315	4330657
8	1510461222	1684953240	4330657
7	1510435297	1684920862	4330657
6	1510434435	1684917668	4330657
5	1510434401	1684917530	4330657
4	1510434398	1684917519	4330657
3	1510434395	1684917509	4330657
2	1510434393	1684917499	4330657
1	1510434389	1684917488	4330657
0	1510433834	1684914688	4330657
