slug: rpc-613
title: "RPC-613"
tags: ["auditory-hazard", "beta", "rpc", "sapient-hazard", "visual-hazard", "vssp", "white"]
21	1526781016	1734576017	3050074
20	1523030923	1720935662	4315330
19	1523030913	1720935537	4315330
18	1523030910	1720935498	4315330
17	1519578500	1712947624	3050074
16	1519578498	1712947597	3050074
15	1519578491	1712947558	3050074
14	1519578473	1712947356	3050074
13	1512824791	1691457069	3970162
12	1459475186	1647913876	4870061
11	1387963294	1641080208	2818841
10	1387963286	1641080100	2818841
9	1387963275	1641080004	2818841
8	1387516878	1639496641	3625466
7	1387483611	1639442348	3512728
6	1387483607	1639442303	3512728
5	1387483605	1639442276	3512728
4	1387483601	1639442166	3512728
3	1387470782	1639365384	2818841
2	1387444317	1639226485	2818841
1	1387437700	1639193061	2818841
0	1387437673	1639192821	2818841
