slug: rpc-046
title: "RPC-046"
tags: ["aggression-hazard", "ballistic-hazard", "beta", "grouped-hazard", "orange", "organic-hazard", "rewrite", "rpc", "sapient-hazard", "sentient-hazard", "toxic-hazard", "translated", "transmutation-hazard", "uncontained"]
24	1528606256	1742693036	9487909
23	1525140588	1728617242	5197199
22	1510418228	1684846036	7850574
21	1507986755	1677116583	8388846
20	1496162824	1665165567	6371726
19	1474970848	1656712912	3970162
18	1388999459	1645397153	7287895
17	1360222051	1614915935	3672751
16	1360142596	1614514158	7271260
15	1360142585	1614514080	7271260
14	1075238854	1587685162	3638389
13	1075238845	1587685093	3638389
12	1075238824	1587684998	3638389
11	1075238787	1587684981	3638389
10	944367963	1567980460	4583766
9	896360841	1564614152	5216375
8	847183946	1558714827	3118961
7	699811050	1553602538	1959500
6	690704309	1553449865	3646714
5	682078405	1552372060	3952836
4	681248694	1552231902	3952836
3	681244522	1552217930	3952836
2	681244466	1552217651	3952836
1	681242820	1552210140	1959500
0	681242816	1552210113	1959500
