slug: rpc-114
title: "RPC-114"
tags: ["church-of-malthus", "neutralized", "organic-hazard", "rewrite", "rpc", "sapient-hazard", "translated"]
20	1543350350	1776239148	4330657
19	1528606263	1742693107	9487909
18	1510418256	1684846136	7850574
17	1505295528	1671660372	5689914
16	1496163279	1665166945	6371726
15	1389065250	1645764396	7287895
14	1360222058	1614915966	3672751
13	1359845483	1613246301	3118961
12	1355916572	1600496756	6264298
11	1215185524	1593322492	6264298
10	1050967525	1585114597	2944267
9	1032483908	1576618075	5293995
8	950166995	1568665374	3118961
7	847190504	1558740843	3638389
6	801997211	1556027257	2241229
5	787974494	1555722612	3970162
4	757856909	1555432002	1959500
3	700587272	1553635289	4548098
2	700583371	1553635238	4548098
1	682078421	1552372122	3952836
0	681242827	1552210195	1959500
