slug: rpc-002-j
title: "RPC-002-J"
tags: ["format-break", "non-hazardous", "rpc-j", "translated"]
17	1356228147	1601584896	5689914
16	1356228138	1601584845	5689914
15	889597657	1563075442	3118961
14	802022673	1556086767	4981794
13	213977396	1539825721	2773416
12	146726475	1535868180	3638389
11	146726157	1535867019	3646714
10	146726148	1535866981	2782521
9	146726140	1535866948	2782521
8	146726061	1535866818	4267177
7	146726033	1535866737	3970162
6	146726018	1535866694	3970162
5	146726007	1535866680	3970162
4	146725967	1535866508	4267177
3	146725961	1535866489	4267177
2	146725956	1535866461	4267177
1	146725936	1535866407	4267177
0	146725932	1535866387	4267177
