slug: rpc-312
title: "RPC-312"
tags: ["alpha", "gravitational-hazard", "red", "rpc"]
17	1507823244	1676755144	5982545
16	1073241693	1586714529	3638389
15	1073241692	1586714522	3638389
14	972901163	1572652836	4315330
13	888225613	1562955896	4583766
12	888225610	1562955885	4583766
11	801937511	1555968891	3803946
10	537738909	1545547199	4981794
9	537738790	1545547138	4981794
8	209222760	1539495691	2773416
7	209160085	1539495172	2773416
6	167883470	1539033507	4105536
5	164846812	1538968040	2976054
4	146716675	1535835780	2773416
3	140351960	1534040519	4365296
2	140165751	1534018666	2773416
1	140165608	1534018651	2773416
0	140165589	1534018645	2773416
