slug: rpc-850
title: "RPC-850"
tags: ["gamma", "grouped-hazard", "organic-hazard", "rpc", "sentient-hazard", "uncontained", "yellow"]
16	1055058331	1585386941	2944267
15	889349149	1563050009	3638389
14	889349146	1563050001	3638389
13	449646234	1543964625	3638389
12	449644199	1543964592	3638389
11	213214229	1539800910	3952836
10	167881123	1539033460	3952836
9	164946731	1538970284	2976054
8	164419700	1538957640	2976054
7	146717315	1535837930	2773416
6	140961577	1534187649	3349606
5	140961406	1534187636	3349606
4	140352051	1534040543	4365296
3	140166633	1534018763	2773416
2	140166629	1534018756	2773416
1	140166322	1534018736	2773416
0	140166278	1534018721	2773416
