slug: rpc-081
title: "RPC-081"
tags: ["alpha", "ideological-hazard", "mechanical-hazard", "rpc", "translated", "yellow"]
20	1530176030	1747673728	9487909
19	1530176029	1747673708	9487909
18	1073240206	1586713660	3638389
17	1073240203	1586713651	3638389
16	888214774	1562954502	4583766
15	888214372	1562954492	4583766
14	688470810	1553385086	4583766
13	682666025	1552527375	3478027
12	681250492	1552236669	3638389
11	681243299	1552212266	3646714
10	590353720	1547308717	3638389
9	590353712	1547308691	3638389
8	366967933	1541800750	3952836
7	213273084	1539803369	3952836
6	213084520	1539798150	4695861
5	205348963	1539459460	3478027
4	167913633	1539034813	3646714
3	164806400	1538967113	4105536
2	146710307	1535825338	3478027
1	140353022	1534040743	4365296
0	140210378	1534023988	3478027
