slug: rpc-982
title: "RPC-982"
tags: ["beta", "corrosive-hazard", "emotional-hazard", "ideological-hazard", "rpc", "transmutation-hazard", "yellow"]
16	1359898912	1613482469	5716946
15	890393549	1563159351	3638389
14	890393519	1563159311	3638389
13	881082047	1562727994	4302636
12	757767774	1555431361	3803946
11	700667425	1553637004	3952836
10	700666596	1553636987	3952836
9	213324113	1539805532	3952836
8	167217493	1539018769	2947029
7	164937334	1538970089	2976054
6	164308487	1538954854	2976054
5	164307004	1538954830	2976054
4	164300234	1538954679	2976054
3	146717355	1535838018	2773416
2	141049132	1534214724	2773416
1	141013589	1534201799	4365296
0	141008621	1534200491	1359193
