slug: rpc-181
title: "RPC-181"
tags: ["amazing.co", "beta", "contact-hazard", "rpc", "transmutation-hazard", "yellow"]
13	1508064252	1677356942	7320700
12	1507823031	1676754130	7320700
11	801929277	1555949440	3638389
10	801929258	1555949419	3638389
9	682077480	1552368746	3970162
8	590364680	1547327417	2773416
7	367006047	1541803062	3952836
6	213319029	1539805245	3952836
5	167980852	1539036832	3952836
4	164368556	1538956192	3646714
3	146716274	1535834652	2773416
2	141049167	1534214764	2773416
1	141049141	1534214753	2773416
0	141024012	1534204677	4371726
