slug: rpc-806
title: "RPC-806"
tags: ["alpha", "contact-hazard", "explosive-hazard", "grouped-hazard", "radiation-hazard", "rpc", "toxic-hazard", "yellow"]
20	1518743947	1709343617	2947029
19	1073238473	1586712376	3638389
18	1073238462	1586712361	3638389
17	1073215782	1586668210	3638389
16	1073215772	1586668190	3638389
15	1048040925	1583324773	3118961
14	1034080523	1579644251	2776183
13	1034080512	1579644213	2776183
12	1034080507	1579644191	2776183
11	1034080484	1579644093	2776183
10	971654297	1572215227	2776183
9	967651650	1571371113	4981794
8	963807116	1570471003	2776183
7	961406930	1569945567	3646714
6	959606157	1569708171	2776183
5	958958114	1569620529	2776183
4	958958029	1569620430	2776183
3	958957946	1569620267	2776183
2	958957944	1569620249	2776183
1	958957938	1569620214	2776183
0	958957838	1569620157	2776183
