slug: organizations:athena-tactics
title: "Афина Тактикс"
tags: ["ВИК", "Организация"]
31	1360569868	1615881256	6037747
30	1360569864	1615881234	6037747
29	1198157706	1591693399	4518363
28	1047528503	1582998980	4518363
27	1039007415	1582116409	5370822
26	1039007410	1582116386	5370822
25	1034495867	1580659218	4383339
24	1033556270	1577631686	2679482
23	1033556261	1577631646	2679482
22	1033556255	1577631609	2679482
21	985830385	1574068936	5219975
20	985286163	1574051933	2679482
19	985285216	1574051902	2679482
18	985283453	1574051855	2679482
17	971664540	1572263431	2679482
16	971664536	1572263407	2679482
15	971664530	1572263382	2679482
14	971664525	1572263359	2679482
13	971664493	1572263154	2679482
12	971664491	1572263129	2679482
11	971664482	1572263093	2679482
10	971664454	1572262915	2679482
9	971664430	1572262783	2679482
8	971664393	1572262515	2679482
7	971664385	1572262501	2679482
6	971664376	1572262399	2679482
5	971664373	1572262381	2679482
4	971664359	1572262287	2679482
3	971664357	1572262261	2679482
2	971664316	1572262235	2679482
1	971664301	1572262175	2679482
0	971664295	1572262148	2679482
