slug: rpc-400
title: "RPC-400"
tags: ["aggression-hazard", "beta", "orange", "rpc", "sentient-hazard", "teleportation-hazard", "translated"]
46	1367326663	1627699589	7299722
45	1367326593	1627699371	7299722
44	1048425494	1584132640	4315330
43	1048421244	1584121511	4315330
42	1034637830	1581095882	4315330
41	1034637824	1581095865	4315330
40	1034637817	1581095835	4315330
39	1008266350	1575857160	4315330
38	880426301	1562259488	3638389
37	880426294	1562259469	3638389
36	879312622	1562076757	4315330
35	856118802	1560883953	3638389
34	641771781	1549899873	4315330
33	641500503	1549264671	4981794
32	550504491	1546318148	3118961
31	550504435	1546318006	3118961
30	550504382	1546317857	3118961
29	550504353	1546317781	3118961
28	550504323	1546317715	3118961
27	550504191	1546317377	3118961
26	550504119	1546317205	3118961
25	550504069	1546317059	3118961
24	550504023	1546316918	3118961
23	550503945	1546316770	3118961
22	538986044	1545983926	4315330
21	388575115	1542254428	4315330
20	367006415	1541803843	3952836
19	313383638	1540778955	4383784
18	313383195	1540778222	4383784
17	213312451	1539804557	3952836
16	167899975	1539034163	4105536
15	166668165	1539006861	4315330
14	164665395	1538963449	2773416
13	164629537	1538962340	2773416
12	164628515	1538962316	2773416
11	164627989	1538962308	2773416
10	148820265	1538091443	4315330
9	148820228	1538091421	4315330
8	146716719	1535835879	2773416
7	135695153	1532893584	3099812
6	134261362	1532466182	4394208
5	132770007	1531714439	3910949
4	132767577	1531709304	3910949
3	131778389	1531365614	2773416
2	131284020	1531114483	2773416
1	130896808	1530833590	3910949
0	130893324	1530832180	3910949
