slug: frontier:raid-page-10
title: "Рейд страница 10"
tags: ["Пограничье", "Рассказ", "Рейд"]
12	1386442975	1637355156	2679482
11	1386440923	1637350288	2679482
10	1386409077	1637243020	2679482
9	1386395211	1637170619	2679482
8	1386394135	1637165880	2679482
7	1386394126	1637165843	2679482
6	1386394113	1637165786	2679482
5	1386394103	1637165758	2679482
4	1386393294	1637162671	2679482
3	1386392952	1637161491	2679482
2	1386392893	1637161060	2679482
1	1386392208	1637157269	2679482
0	1386391277	1637152990	2679482
