slug: frontier:lost-page-2
title: "Затерянные страница 2"
tags: ["Затерянные", "Пограничье", "Рассказ"]
15	1509344767	1681023851	2679482
14	1388310048	1642661226	2679482
13	1387475150	1639395035	2679482
12	1387474996	1639394229	2679482
11	1387474877	1639393980	2679482
10	1387474861	1639393907	2679482
9	1387045244	1638172453	2679482
8	1387044019	1638171929	2679482
7	1387043914	1638171907	2679482
6	1386554438	1637835544	2679482
5	1386550940	1637821082	2679482
4	1386505120	1637593179	2679482
3	1386505093	1637593035	2679482
2	1386504910	1637591924	2679482
1	1386504637	1637590374	2679482
0	1386504613	1637590178	2679482
