slug: rpc-309
title: "RPC-309"
tags: ["aggression-hazard", "auditory-hazard", "beta", "emotional-hazard", "orange", "organic-hazard", "rpc", "translated"]
22	1525461519	1729921872	5197199
21	1525414956	1729735178	5197199
20	1525192445	1728743428	5982545
19	1361244513	1616194988	7044623
18	1198212563	1591903810	6033077
17	1189268389	1591314712	4981794
16	1188515008	1591264250	6033077
15	1187716554	1591223506	6033077
14	1187608937	1591187518	6033077
13	1187607987	1591184261	6033077
12	1187607550	1591182762	6033077
11	1187607544	1591182723	6033077
10	1187607530	1591182643	6033077
9	1187606951	1591180018	6033077
8	1186889213	1591156286	4981794
7	1186881488	1591118796	6033077
6	1186880730	1591116017	6033077
5	1186880434	1591115100	6033077
4	1186879571	1591112611	6033077
3	1186879020	1591111087	6033077
2	1186878913	1591110759	6033077
1	1186877872	1591108189	6033077
0	1186877209	1591107139	6033077
