slug: system:join
title: "Join The Site!"
tags: ["information", "site"]
49	1544501444	1780851597	3437739
48	1544500715	1780848367	3437739
47	1544446870	1780615153	3437739
46	1530316427	1748705913	3437739
45	1530316421	1748705890	3437739
44	1520394484	1716273433	3437739
43	1517085245	1704036164	3437739
42	1516831180	1702915902	3437739
41	1516826432	1702901858	3437739
40	1516826418	1702901816	3437739
39	1516826414	1702901805	3437739
38	1512421420	1690005212	3437739
37	1512421103	1690004517	3437739
36	1512421100	1690004509	3437739
35	1512421098	1690004503	3437739
34	1512421096	1690004489	3437739
33	1512421041	1690004354	3437739
32	1512421007	1690004280	3437739
31	1512421006	1690004273	3437739
30	1511610356	1687833506	3437739
29	1511556627	1687635386	3437739
28	1509306185	1680839427	3437739
27	1508928933	1679782145	3437739
26	1508928048	1679775178	3437739
25	1508927978	1679774720	3437739
24	1504933453	1671070507	3437739
23	1504933452	1671070500	3437739
22	1504933450	1671070493	3437739
21	1504933449	1671070487	3437739
20	1504933445	1671070450	3437739
19	1504933438	1671070431	3437739
18	1478791533	1657331875	3437739
17	1478791519	1657331794	3437739
16	1461406426	1654028659	3437739
15	1459739992	1648860669	3437739
14	1429265447	1647570785	3437739
13	1429224515	1647570548	3437739
12	1429210034	1647570469	3437739
11	1429207882	1647570459	3437739
10	1429204686	1647570440	3437739
9	1429200197	1647570421	3437739
8	1429191819	1647570385	3437739
7	1429184336	1647570349	3437739
6	1427738435	1647541217	3437739
5	1427733052	1647541172	3437739
4	1427725274	1647541101	3437739
3	1427723132	1647541081	3437739
2	1427721543	1647541067	3437739
1	1427720205	1647541055	3437739
0	1389191915	1646427077	3437739
