slug: halloweenentry:bxluyw1lamvmzg
title: "Rattenkönig Doors"
tags: ["halloweenrpc"]
19	1516983532	1703449083	5982545
18	649647917	1550628936	3952836
17	540776062	1546126366	3646714
16	370331358	1541886410	3077628
15	370318048	1541886281	3077628
14	284073038	1540493211	3952836
13	277335391	1540449290	3077628
12	277323828	1540449225	3077628
11	277315763	1540449171	3077628
10	275024569	1540399567	3077628
9	275024307	1540399197	3077628
8	275023978	1540398685	3077628
7	269055536	1540372775	3077628
6	269043698	1540372731	3077628
5	269018114	1540372649	3077628
4	268908656	1540372247	3077628
3	268861035	1540372112	3077628
2	268839638	1540372044	3077628
1	268810499	1540371948	3077628
0	268767431	1540371810	3077628
