slug: rpc-068
title: "RPC-068"
tags: ["ballistic-hazard", "beta", "extra-dimensional-hazard", "info-hazard", "orange", "organic-hazard", "rcpa", "rpc", "sapient-hazard", "translated"]
45	1530175908	1747672902	9487909
44	1496163102	1665166495	6371726
43	1367206757	1627177213	3512728
42	1362062495	1617657772	3672751
41	1362004548	1617370394	7271260
40	1358806121	1609521553	5054156
39	1358806053	1609521266	5054156
38	1356109131	1601153752	5689914
37	1356108766	1601151397	5689914
36	1047087610	1582957804	4981794
35	1047087118	1582956842	6129319
34	953552565	1569032995	1315056
33	933441025	1567556678	3118961
32	896334713	1564579204	3118961
31	805075363	1556414819	4548098
30	700973983	1553710231	4076346
29	700490590	1553633025	4548098
28	700489413	1553633000	4548098
27	699666739	1553571546	4076346
26	696740178	1553537163	4076346
25	693576667	1553501216	4076346
24	684851085	1553307753	4076346
23	683712935	1553227507	4076346
22	683386202	1552976663	3970162
21	683386110	1552976621	3970162
20	683385965	1552976579	3970162
19	683385904	1552976554	3970162
18	616078745	1547879283	4076346
17	466922056	1544196360	3722979
16	401301721	1542435705	3638389
15	379066941	1542093217	4302636
14	378744192	1542088017	2773416
13	377154663	1542054394	4302636
12	377004234	1542052271	4302636
11	376660987	1542037031	4302636
10	375602885	1541997925	4302636
9	375513981	1541989677	4302636
8	374456283	1541963201	4302636
7	372808897	1541930963	4302636
6	372768659	1541930484	4302636
5	372753235	1541930276	4302636
4	371991419	1541919375	4302636
3	371990117	1541915821	4302636
2	371989397	1541914349	4302636
1	371989293	1541914060	4302636
0	371989280	1541914007	4302636
