slug: meet-the-staff
title: "Meet The Staff"
tags: ["author", "guide"]
20	1542589891	1773193357	9671236
19	1541502316	1768923043	10170778
18	1541385790	1768321757	9624521
17	1541318870	1767902399	9624521
16	1539904582	1764087350	9624521
15	1539904577	1764087319	9624521
14	1539858881	1763921357	9624521
13	1539857905	1763919324	9624521
12	1539857899	1763919313	9624521
11	1539857759	1763919013	9624521
10	1539857696	1763918867	9624521
9	1539857672	1763918816	9624521
8	1539857661	1763918793	9624521
7	1539857657	1763918783	9624521
6	1539857649	1763918758	9624521
5	1539857562	1763918641	9624521
4	1539857554	1763918620	9624521
3	1539857532	1763918566	9624521
2	1539857512	1763918530	9624521
1	1539857508	1763918514	9624521
0	1539857108	1763917813	9624521
