slug: rpc-603
title: "RPC-603"
tags: ["alpha", "grouped-hazard", "organic-hazard", "regenerative-hazard", "rpc", "white"]
34	1389133096	1646116276	5716946
33	1362080233	1617743489	3512728
32	1362080227	1617743417	3512728
31	1362080226	1617743402	3512728
30	1359347818	1611309230	5100742
29	1359347767	1611308977	5100742
28	1359347730	1611308801	5100742
27	1359347635	1611308132	5100742
26	1358111293	1606976604	5100742
25	1358111224	1606976323	5100742
24	1356846392	1602960698	3118961
23	1316420888	1598153722	5330965
22	1316415088	1598153670	5330965
21	1209348762	1592336132	5330965
20	1205209823	1592195006	5100742
19	1189579903	1591350697	5100742
18	1189556144	1591350502	5100742
17	1189538835	1591350219	5100742
16	1189494521	1591349879	5100742
15	1189484280	1591349802	5100742
14	1189480881	1591349770	5100742
13	1189476406	1591349733	5100742
12	1189344675	1591348099	5100742
11	1189305806	1591347809	5100742
10	1189296160	1591347688	5100742
9	1189294864	1591347628	5100742
8	1096491331	1590037316	5100742
7	1073100865	1586306333	3638389
6	1073100855	1586306291	3638389
5	1073100847	1586306276	3638389
4	1073043377	1586148926	5100742
3	1071009455	1585811904	5100742
2	1065995279	1585709712	4981794
1	1064603679	1585683567	3952836
0	1064232001	1585634875	5100742
