slug: motm
title: "Men on the Moon"
tags: ["aedf", "military", "runnerup", "tale"]
14	1224126469	1594074596	5258122
13	1196906815	1591629115	1315056
12	1196260425	1591583352	1315056
11	1048443428	1584176006	4981794
10	1048437862	1584162115	6209186
9	1034601908	1580946941	3118961
8	1034601705	1580946097	3118961
7	1033602659	1577852569	1315056
6	933509109	1567557551	3118961
5	900878606	1565195194	1315056
4	847139690	1558554237	2280149
3	847067980	1558467022	3118961
2	841957640	1557950432	4548098
1	841237296	1557938753	1315056
0	841232338	1557938668	1315056
