slug: component:the-academy-of-the-true-art-theme
title: "The Academy of the True Art Theme"
tags: ["theme"]
18	1383794493	1634104112	4981794
17	1358904945	1609909255	5258122
16	1358904883	1609908604	5258122
15	1358904858	1609908433	5258122
14	1358904815	1609908085	5258122
13	1358904811	1609908065	5258122
12	1358414008	1607896783	5258122
11	1311269360	1597033345	5258122
10	1311269318	1597033070	5258122
9	1279153138	1595637936	5258122
8	1260990897	1595321164	5258122
7	1260966432	1595320703	5258122
6	1260962592	1595320614	5258122
5	1224130865	1594096223	5258122
4	1224127219	1594078536	3625466
3	1224126352	1594074058	5258122
2	1224126349	1594074040	5258122
1	1224122970	1594058501	5258122
0	1224122966	1594058477	5258122
