slug: research-005-main
title: "Изучение 005 - Основа"
tags: []
47	1524578943	1726239822	1191487
46	68460815	1457576660	754405
45	68460685	1457576460	754405
44	67270746	1456088439	754405
43	67270745	1456088434	754405
42	55916798	1440222029	754405
41	51033890	1416667288	754405
40	47170729	1398349567	754405
39	46892108	1396828396	754405
38	45442014	1391437828	754405
37	45441840	1391437041	1191487
36	45381491	1391181745	754405
35	31137667	1342535907	1191487
34	30589524	1339429551	754405
33	30588074	1339423181	1191487
32	30564479	1339339645	754405
31	30563329	1339335275	1191487
30	30547596	1339250338	754405
29	30547392	1339249651	1191487
28	30438903	1338610886	754405
27	30431146	1338559345	1191487
26	30431135	1338559278	1191487
25	30393519	1338338309	754405
24	30386977	1338297464	1191487
23	30386976	1338297445	1191487
22	30376913	1338234820	754405
21	30373259	1338213135	1191487
20	30373252	1338213118	1191487
19	30360460	1338126521	1191487
18	29808319	1334772178	754405
17	29807230	1334766628	1172670
16	29805098	1334758112	1191487
15	29775184	1334598720	1172670
14	29775143	1334598678	1172670
13	29774858	1334597357	754405
12	29771992	1334584826	1191487
11	29755616	1334499200	754405
10	29755431	1334498071	1191487
9	29626804	1333634685	1191487
8	29568589	1333295932	754405
7	29567928	1333290153	1191487
6	29557193	1333203871	754405
5	29557017	1333202277	1191487
4	29543961	1333118078	754405
3	29543525	1333114478	1191487
2	29527973	1333035419	754405
1	29526893	1333029225	1191487
0	29526891	1333029200	1191487
