slug: contest:jcontestgoogle-chrome
title: "RPC-404-J"
tags: ["jcontest"]
19	1516983744	1703450906	5982545
18	1311103760	1596563547	3118961
17	751334949	1555354283	2241229
16	751334223	1555352580	2930589
15	751334108	1555352386	2930589
14	751333941	1555352111	2930589
13	751333850	1555352085	2930589
12	719254134	1554481499	2930589
11	719254097	1554481367	2930589
10	719254024	1554481107	2930589
9	719147193	1554438864	2930589
8	719117408	1554409609	2930589
7	719117323	1554409524	2930589
6	717032710	1554181145	2930589
5	717032703	1554181116	2930589
4	714751367	1554089969	4981794
3	714658816	1554088833	2930589
2	714645260	1554088512	2930589
1	714643834	1554088477	2930589
0	714639309	1554088342	2930589
