slug: rpc-274
title: "RPC-274"
tags: ["alpha", "red", "rpc", "sapient-hazard", "teleportation-hazard", "translated", "tychokinetic-hazard"]
18	1362325991	1618642415	7271260
17	1362325742	1618641001	7271260
16	1362323361	1618623981	7271260
15	1357170595	1603624727	6264298
14	1357170579	1603624665	6264298
13	972902303	1572657786	4315330
12	866519316	1561303966	3638389
11	866515236	1561303876	3638389
10	367006297	1541803527	3952836
9	352572188	1541296020	3952836
8	352572172	1541295998	3952836
7	352572160	1541295984	3952836
6	166884008	1539012088	2947029
5	164843171	1538967980	3646714
4	146716635	1535835683	2773416
3	137603997	1533499069	3638389
2	137289784	1533450593	2773416
1	137289370	1533450442	2773416
0	136641861	1533281017	2376084
