slug: lab:noti-2
title: ""
tags: []
25	313406664	1540797149	754405
24	313401578	1540790459	754405
23	313388413	1540786044	754405
22	313388373	1540786019	754405
21	312953823	1540726879	754405
20	312785953	1540724415	754405
19	312541587	1540720158	754405
18	231523956	1540052909	3614016
17	231467346	1540052487	3614016
16	231458380	1540052401	3614016
15	231440865	1540052234	3614016
14	231426255	1540052067	3614016
13	231246042	1540050213	3614016
12	231145611	1540049391	3614016
11	186936626	1539301686	3614016
10	186818569	1539300911	3614016
9	186762163	1539300566	3614016
8	186753072	1539300504	3614016
7	186752278	1539300499	3614016
6	186751732	1539300494	3614016
5	186751263	1539300490	3614016
4	186750409	1539300485	3614016
3	186749337	1539300479	3614016
2	147240429	1536410753	3614016
1	147240322	1536410612	3614016
0	147240262	1536410510	3614016
