slug: anomalousducky-s-author-page
title: "AnomalousDucky's Author Page"
tags: ["author-page"]
31	992650407	1575379719	5640120
30	985897848	1574084785	5640120
29	985897828	1574084689	5640120
28	978947127	1573180355	5640120
27	971665835	1572269486	5640120
26	971640005	1572135569	5640120
25	971640004	1572135562	5640120
24	971640002	1572135550	5640120
23	971639994	1572135527	5640120
22	971639956	1572135516	5640120
21	971639945	1572135467	5640120
20	971639943	1572135454	5640120
19	971639939	1572135446	5640120
18	971596569	1572004121	5640120
17	970333559	1571782643	5640120
16	970261662	1571698821	5640120
15	970219499	1571543567	5640120
14	970217278	1571534014	5640120
13	970215840	1571527685	5640120
12	969562039	1571469272	5640120
11	969561642	1571469253	5640120
10	969560600	1571469208	5640120
9	969559451	1571469152	5640120
8	969558634	1571469107	5640120
7	969557732	1571469039	5640120
6	969556927	1571468993	5640120
5	969556075	1571468923	5640120
4	967696896	1571373343	5640120
3	967696448	1571373328	5640120
2	967694709	1571373239	5640120
1	967693319	1571373162	5640120
0	967691876	1571373085	5640120
