slug: rpc-324
title: "RPC-324"
tags: ["aggression-hazard", "cair-aisling", "contact-hazard", "extreme-temperature-hazard", "gamma", "grouped-hazard", "mind-control-hazard", "purple", "rpc", "sapient-hazard", "translated"]
20	1525851841	1731810137	4318134
19	1479182783	1658418188	4318134
18	1388952353	1645210624	4318134
17	1388952332	1645210518	4318134
16	1387967093	1641109435	4981794
15	1379377119	1631515676	4318134
14	1379377080	1631515459	4318134
13	1379376803	1631514366	4318134
12	1379375644	1631509641	4318134
11	1358346755	1607629121	4318134
10	1358343573	1607616670	4318134
9	1358343570	1607616655	4318134
8	1356699931	1602560845	3672751
7	1356699925	1602560827	3672751
6	1315269063	1598132823	4318134
5	1311982010	1598017276	4318134
4	1311981953	1598016930	4318134
3	1311029004	1596343375	4318134
2	1311011445	1596258444	4318134
1	1309797845	1596219849	4318134
0	1309785084	1596219738	4318134
