slug: archive:secure-facilities-locations
title: "Учреждения Университета"
tags: []
16	1357120192	1603443197	4518363
15	1256329021	1595236310	4518363
14	904492081	1566189456	3477739
13	904492018	1566189359	3477739
12	904447821	1566043262	3477739
11	904436084	1566008479	3477739
10	904426983	1565979043	3477739
9	904426853	1565978954	3477739
8	904426790	1565978917	3477739
7	904426785	1565978891	3477739
6	904426582	1565978636	3477739
5	904426574	1565978610	3477739
4	904426536	1565978534	3477739
3	904426530	1565978490	3477739
2	904423887	1565968515	3477739
1	904390459	1565941364	3477739
0	904367317	1565880811	3477739
