slug: nav:side
title: "Side Navigation"
tags: []
181	1543887633	1778696128	7286218
180	1525630521	1730820102	7670356
179	1525630248	1730818985	7670356
178	1525630204	1730818755	7670356
177	1525630140	1730818170	7670356
176	1525630109	1730817932	7670356
175	1525630063	1730817593	7670356
174	1525630019	1730817334	7670356
173	1525629986	1730817162	7670356
172	1521060349	1719157878	7286218
171	1521060346	1719157850	7286218
170	1521060344	1719157829	7286218
169	1521060319	1719157642	7286218
168	1521060224	1719157005	7286218
167	1521060195	1719156764	7286218
166	1519580823	1712965354	7286218
165	1519580815	1712965306	7286218
164	1518787018	1709565092	7286218
163	1518787004	1709565063	7286218
162	1518786921	1709564893	7286218
161	1518786845	1709564576	7286218
160	1512154646	1689109751	7670356
159	1511527674	1687539192	7132328
158	1511527661	1687539128	7132328
157	1511527634	1687539016	7132328
156	1511527586	1687538813	7132328
155	1511527573	1687538739	7132328
154	1511527569	1687538724	7132328
153	1511527553	1687538668	7132328
152	1511527375	1687538358	7132328
151	1511527324	1687538259	7132328
150	1511527298	1687538124	7132328
149	1511527293	1687538108	7132328
148	1511527238	1687537910	7132328
147	1511526919	1687536671	7286218
146	1511526770	1687536114	7132328
145	1511523409	1687525358	7132328
144	1511523382	1687525231	7132328
143	1511523376	1687525217	7132328
142	1511521867	1687520800	7132328
141	1511521784	1687520548	7132328
140	1511521776	1687520476	7132328
139	1511480245	1687371027	7286218
138	1511477650	1687361542	7286218
137	1511477321	1687360811	7286218
136	1511477305	1687360733	7286218
135	1511448489	1687281854	7286218
134	1511448473	1687281824	7286218
133	1511448466	1687281805	7286218
132	1511448132	1687280934	7286218
131	1511448125	1687280920	7286218
130	1511448117	1687280890	7286218
129	1511448014	1687280700	7286218
128	1511447910	1687280532	7286218
127	1511447882	1687280441	7286218
126	1511447872	1687280378	7286218
125	1511447727	1687280144	7286218
124	1511447709	1687280058	7286218
123	1511447694	1687279963	7286218
122	1511447677	1687279857	7286218
121	1511447671	1687279822	7286218
120	1511447656	1687279776	7286218
119	1511447645	1687279726	7286218
118	1511447639	1687279697	7286218
117	1511447551	1687279368	7286218
116	1511420576	1687200643	7286218
115	1511420565	1687200601	7286218
114	1511420561	1687200581	7286218
113	1511420560	1687200552	7286218
112	1511420554	1687200511	7286218
111	1511420538	1687200421	7286218
110	1511418731	1687194187	7286218
109	1511418720	1687194158	7286218
108	1511418696	1687194093	7286218
107	1511418645	1687194038	7286218
106	1511418641	1687194025	7286218
105	1511418637	1687194008	7286218
104	1511418622	1687193988	7286218
103	1511418616	1687193968	7286218
102	1511418449	1687193697	7286218
101	1511418396	1687193618	7286218
100	1511418338	1687193406	7286218
99	1511418319	1687193331	7286218
98	1511418271	1687193095	7286218
97	1511418245	1687192971	7286218
96	1511418243	1687192954	7286218
95	1511418227	1687192869	7286218
94	1511418163	1687192577	7286218
93	1511418159	1687192549	7286218
92	1511418151	1687192523	7286218
91	1511326627	1686927158	7286218
90	1511326621	1686927121	7286218
89	1511326610	1686927056	7286218
88	1511326477	1686926625	7286218
87	1511326468	1686926591	7286218
86	1511326461	1686926547	7286218
85	1511326449	1686926516	7286218
84	1511261089	1686635438	7286218
83	1511261064	1686635259	7286218
82	1511261058	1686635215	7286218
81	1511260819	1686634064	7286218
80	1511260813	1686634041	7286218
79	1511260809	1686634025	7286218
78	1511260801	1686633988	7286218
77	1511260777	1686633887	7286218
76	1511260775	1686633869	7286218
75	1511260629	1686633314	7286218
74	1511260615	1686633268	7286218
73	1511260595	1686633214	7286218
72	1511260560	1686633050	7286218
71	1511260435	1686632431	7286218
70	1511260427	1686632384	7286218
69	1511259934	1686630811	7286218
68	1511259918	1686630727	7286218
67	1510671904	1685659941	7286218
66	1510428531	1684887669	7670356
65	1510428486	1684887475	7670356
64	1510423375	1684863552	7670356
63	1506660313	1674183890	7670356
62	1498165348	1670526988	7286218
61	1498165342	1670526921	7286218
60	1498165051	1670525288	7286218
59	1498164628	1670522783	7286218
58	1498164601	1670522601	7286218
57	1498164595	1670522563	7286218
56	1498164592	1670522525	7286218
55	1498164584	1670522482	7286218
54	1498164554	1670522344	7286218
53	1498164540	1670522265	7286218
52	1498164535	1670522250	7286218
51	1498164520	1670522179	7286218
50	1498164517	1670522159	7286218
49	1498164513	1670522143	7286218
48	1498164507	1670522100	7286218
47	1497997937	1670105336	7670356
46	1497895770	1669691810	7286218
45	1497895765	1669691780	7286218
44	1497872369	1669587332	7286218
43	1497872347	1669587173	7286218
42	1497872324	1669587083	7286218
41	1497872311	1669587041	7286218
40	1497872306	1669587017	7286218
39	1497872199	1669586547	7286218
38	1497872186	1669586484	7286218
37	1497870704	1669579040	7286218
36	1497780462	1669253252	7286218
35	1497777296	1669233750	7286218
34	1497776005	1669224941	7286218
33	1497774116	1669215759	7286218
32	1497773179	1669211412	7286218
31	1497760355	1669149952	7670356
30	1497760353	1669149892	7670356
29	1479679448	1659897806	3090772
28	1478759210	1657230066	7286218
27	1460962084	1652158601	3090772
26	1460649190	1651166400	7286218
25	1460621297	1651081740	7286218
24	1460621288	1651081715	7286218
23	1460544084	1650821825	7286218
22	1460470476	1650665193	7286218
21	1459952358	1649392533	3090772
20	1459798935	1649119974	7286218
19	1459798715	1649117983	7286218
18	1459784807	1649041894	7286218
17	1459679929	1648652793	7286218
16	1401345458	1647225321	3090772
15	1401344346	1647225298	3090772
14	1399982353	1647198516	7286218
13	1397219070	1647151014	7286218
12	1397216500	1647150978	7286218
11	1397207405	1647150844	7286218
10	1397000221	1647148966	7286218
9	1396983954	1647148833	7286218
8	1396721699	1647143999	7286218
7	1396721548	1647143550	7286218
6	1396721488	1647143323	7286218
5	1396721446	1647143073	7286218
4	1396721132	1647141567	7286218
3	1396721062	1647141359	7286218
2	1396721048	1647141297	7286218
1	1371120010	1629252326	7286218
0	1367475778	1628430371	7286218
