slug: an-c-1
title: ""
tags: []
121	1530638049	1750746938	9161410
120	1530637984	1750746561	9161410
119	1530560943	1750275685	9161410
118	1525651239	1730962330	7670356
117	1523331317	1722486189	7670356
116	1520882213	1718085801	7670356
115	1520320718	1716130876	7670356
114	1519722718	1713589464	7670356
113	1519722658	1713588949	7670356
112	1519722651	1713588905	7670356
111	1519277693	1711765119	7670356
110	1518802541	1709653478	7670356
109	1518795640	1709613136	7670356
108	1517270787	1704736716	7670356
107	1517010437	1703651084	7286218
106	1516611354	1702274838	7670356
105	1516605755	1702251218	7474463
104	1513067322	1692278139	7286218
103	1513067269	1692278050	7286218
102	1513052753	1692231103	7286218
101	1513052709	1692231011	7286218
100	1512514609	1690388202	7670356
99	1512152487	1689100712	7670356
98	1512039245	1688789686	7670356
97	1512039231	1688789633	7670356
96	1511602162	1687797731	7670356
95	1511533036	1687561472	7286218
94	1511532990	1687561436	7286218
93	1511530664	1687551328	7286218
92	1511480317	1687371261	7286218
91	1511479882	1687369399	7286218
90	1511479785	1687368886	7286218
89	1511479780	1687368859	7286218
88	1510402226	1684785889	7286218
87	1506970084	1674758223	7670356
86	1506823903	1674537211	7670356
85	1506461168	1673479332	7670356
84	1506460854	1673477096	7670356
83	1506457283	1673459340	7670356
82	1505633558	1672551397	7670356
81	1505633319	1672550425	7670356
80	1505542297	1672356578	7670356
79	1505542248	1672356483	7670356
78	1505542131	1672355841	7670356
77	1505475262	1672197885	7286218
76	1505473674	1672192439	7286218
75	1505473612	1672192110	7286218
74	1505473459	1672191408	7286218
73	1505253556	1671574211	7670356
72	1505253512	1671573810	7670356
71	1505251163	1671560912	7670356
70	1505251125	1671560655	7670356
69	1505250901	1671559467	7670356
68	1498165973	1670530237	7670356
67	1497878221	1669614715	7670356
66	1497871784	1669584747	7670356
65	1497871715	1669584482	7670356
64	1497871694	1669584352	7670356
63	1497871611	1669583955	7670356
62	1497848870	1669497618	7670356
61	1497848357	1669494681	7670356
60	1497848342	1669494605	7670356
59	1497848274	1669494119	7670356
58	1497848212	1669493602	7670356
57	1497847857	1669491798	7670356
56	1497847848	1669491760	7670356
55	1497847581	1669491131	7670356
54	1497591104	1668809631	7670356
53	1497200381	1667698570	7670356
52	1462630559	1656276636	7286218
51	1462630299	1656275758	7286218
50	1461325689	1653748432	7286218
49	1461122588	1652650292	7286218
48	1461122565	1652650088	7286218
47	1461122559	1652650038	7286218
46	1461122554	1652649996	7286218
45	1459755559	1648908343	7286218
44	1459754665	1648907774	7286218
43	1459753856	1648907238	7286218
42	1459753156	1648906658	7286218
41	1459742978	1648874221	7286218
40	1379534060	1632288906	7286218
39	1379400609	1631642168	7474463
38	1371113316	1629216876	7286218
37	1371096827	1629131022	7286218
36	1371096646	1629130208	7286218
35	1371096568	1629129964	7286218
34	1368042303	1628850716	7286218
33	1368039935	1628850677	7286218
32	1367543617	1628655222	7286218
31	1367531289	1628590970	7286218
30	1367531128	1628590307	7286218
29	1367531095	1628590281	7286218
28	1367531090	1628590252	7286218
27	1367531084	1628590227	7286218
26	1367531075	1628590181	7286218
25	1367511618	1628554187	7286218
24	1367511554	1628553761	7286218
23	1367511514	1628553423	7286218
22	1367511509	1628553370	7286218
21	1367511470	1628552966	7286218
20	1367511459	1628552838	7286218
19	1367511446	1628552804	7286218
18	1367509134	1628539700	7286218
17	1367505608	1628522701	7286218
16	1367505558	1628522594	7286218
15	1367505529	1628522473	7286218
14	1367505497	1628522339	7286218
13	1367505433	1628522029	7286218
12	1367505348	1628521811	7286218
11	1367505071	1628520829	7286218
10	1367505059	1628520782	7286218
9	1367505033	1628520655	7286218
8	1367504961	1628520279	7286218
7	1367504909	1628520022	7286218
6	1367504902	1628520004	7286218
5	1367504865	1628519877	7286218
4	1367504833	1628519735	7286218
3	1367504804	1628519598	7286218
2	1367504791	1628519502	7286218
1	1367504239	1628516997	7286218
0	1367504230	1628516958	7286218
