slug: rpc-628
title: "RPC-628"
tags: ["aquatic-hazard", "auditory-hazard", "beta", "emotional-hazard", "extra-terrestrial-hazard", "neutralized", "orange", "organic-hazard", "regenerative-hazard", "rpc", "sapient-hazard", "sub-vesuvia", "titanic-hazard", "toparticle"]
88	1364653902	1619134516	3118961
87	1356697986	1602557829	3672751
86	1356697978	1602557815	3672751
85	1048032633	1583296252	2947029
84	1048030278	1583286536	2947029
83	1048027612	1583276422	2947029
82	1048026652	1583273047	2947029
81	1047087539	1582957644	4981794
80	1047087080	1582956769	6129319
79	1047001424	1582775546	3118961
78	1046989651	1582773941	3118961
77	1046989647	1582773931	3118961
76	1046926910	1582633018	3118961
75	1046926904	1582632986	3118961
74	1046912090	1582590004	2947029
73	1046912079	1582589972	2947029
72	1046910314	1582581956	2947029
71	1046910163	1582581388	2947029
70	1046909278	1582577713	2947029
69	1046909225	1582577476	2947029
68	1046888432	1582503767	3118961
67	1046273703	1582413173	5575539
66	1044514911	1582337408	5575539
65	1043813830	1582318942	3952836
64	1042703831	1582257078	4558857
63	1042379075	1582245662	5575539
62	1042341577	1582245049	5575539
61	1042149882	1582239598	5575539
60	1041867721	1582231803	5575539
59	1040665575	1582171235	2947029
58	1040665559	1582171141	2947029
57	1040626121	1582169271	5575539
56	1040598514	1582168645	5575539
55	1040572096	1582168139	5575539
54	1040532677	1582166988	5575539
53	1040527468	1582166657	5575539
52	1040504554	1582166030	5575539
51	1040101753	1582156927	5575539
50	1039304286	1582141034	5575539
49	1038530037	1582082083	5575539
48	1038345097	1582076956	5575539
47	1038228998	1582074445	5575539
46	1038228926	1582074208	5575539
45	1038130073	1582071825	5575539
44	1038031736	1582069785	5575539
43	1038016862	1582069555	5575539
42	1037608842	1582062123	2947029
41	1037573004	1582061230	2947029
40	1037360463	1582051862	5575539
39	1037360418	1582051795	5575539
38	1037360377	1582051544	5575539
37	1037319974	1582049931	5575539
36	1037262404	1582043832	2947029
35	1037262154	1582043145	2947029
34	1037172118	1582022982	5575539
33	1037103631	1582015621	2947029
32	1037103541	1582015578	2947029
31	1037103311	1582015275	2947029
30	1037103276	1582015143	2947029
29	1036474804	1581986207	5258122
28	1036454277	1581985901	5575539
27	1036227996	1581981834	5575539
26	1036217112	1581981648	5575539
25	1035742864	1581972593	5575539
24	1035660593	1581966153	5575539
23	1035660340	1581965321	5575539
22	1035660255	1581964993	5575539
21	1035542080	1581960203	5575539
20	1035537673	1581960032	5575539
19	1035512091	1581956595	5575539
18	1035473007	1581953338	5575539
17	1035452325	1581922069	2947029
16	1035452318	1581921970	2947029
15	1035452100	1581921368	2947029
14	1035450505	1581914882	5575539
13	1035450413	1581914390	5575539
12	1035450375	1581914187	5575539
11	1035450219	1581913595	5575539
10	1035450195	1581913530	5575539
9	1035450166	1581913438	5575539
8	1035448963	1581909990	5575539
7	1035448459	1581908985	5575539
6	1035447647	1581907450	5575539
5	1035445994	1581904523	2947029
4	1035445788	1581903645	5575539
3	1035444824	1581898692	2947029
2	1035444638	1581897733	2947029
1	1035444627	1581897648	5575539
0	1035444548	1581897255	5575539
