slug: rpc-263
title: "RPC-263"
tags: ["aggression-hazard", "black", "climatological-hazard", "contact-hazard", "ecological-hazard", "explosive-hazard", "extreme-temperature-hazard", "geological-hazard", "mind-control-hazard", "omega", "psychotronic-hazard", "rpc", "sub-vesuvia", "translated", "visual-hazard"]
23	1528170752	1740937314	9487909
22	1459783483	1649034636	3672751
21	1389198160	1646467629	5716946
20	1364653907	1619134534	3118961
19	1362296333	1618486605	7271260
18	1362288946	1618448470	5181020
17	1362078728	1617736971	3512728
16	1362078722	1617736927	3512728
15	1362012234	1617407850	7271260
14	1362012208	1617407691	7271260
13	1361971171	1617197172	7271260
12	1361970531	1617194872	7271260
11	1360816838	1616093286	5181020
10	1046888937	1582506061	3118961
9	1046881040	1582476817	4315330
8	1043413644	1582306768	5181020
7	1043390636	1582304964	5181020
6	1038945800	1582107349	5181020
5	1036774866	1581998404	3118961
4	1035452858	1581923512	5181020
3	1035452753	1581923353	5181020
2	1035452043	1581921154	5181020
1	1035451592	1581919592	5181020
0	1035450962	1581916995	5181020
