slug: groups-of-interest
title: "Groups of Interest"
tags: ["hub", "information", "lore"]
381	1523254075	1722111698	5982545
380	1523253216	1722105866	3638389
379	1517692131	1706129144	5982545
378	1508278513	1677884812	3970162
377	1460570668	1650930434	3672751
376	1460570662	1650930370	3672751
375	1460570652	1650930294	3672751
374	1460570645	1650930227	3672751
373	1460570642	1650930210	3672751
372	1460570637	1650930175	3672751
371	1366367180	1623291466	3672751
370	1366367114	1623290862	3118961
369	1366367110	1623290817	3118961
368	1366367088	1623290636	3118961
367	1366367071	1623290508	3118961
366	1366367045	1623290298	3672751
365	1366366868	1623289545	3970162
364	1366366858	1623289509	3970162
363	1366366853	1623289488	3970162
362	1366366848	1623289445	3970162
361	1366366833	1623289372	3970162
360	1366366598	1623288525	3970162
359	1361885692	1616803131	3118961
358	1361885684	1616803108	3118961
357	1215263169	1593544392	3118961
356	1215247039	1593486071	3118961
355	1075283623	1587869101	3118961
354	1073010639	1586047338	3970162
353	1072943713	1585875495	3118961
352	1050979675	1585151456	3118961
351	1050789164	1584648433	3118961
350	1050788303	1584646457	3118961
349	1050656288	1584398748	3118961
348	1047066144	1582913253	3118961
347	1047066053	1582913085	3118961
346	1047065977	1582913010	3118961
345	1047065950	1582912890	3118961
344	1047065942	1582912868	3118961
343	1047065907	1582912837	3118961
342	1047065853	1582912603	3118961
341	1047065848	1582912581	3118961
340	1046687412	1582427551	3118961
339	1046687353	1582427332	3118961
338	1046687318	1582427164	3118961
337	1046687300	1582427078	3118961
336	1046687293	1582427045	3118961
335	1046687281	1582427002	3118961
334	1046687262	1582426923	3118961
333	1046687234	1582426814	3118961
332	1034178567	1579985203	3118961
331	1034176529	1579975806	3118961
330	1034176396	1579974943	3118961
329	1034176394	1579974918	3118961
328	1034176391	1579974901	3118961
327	1034176328	1579974462	3118961
326	1034176171	1579973726	3118961
325	1034176161	1579973651	3118961
324	1034176141	1579973473	3118961
323	1034176131	1579973401	3118961
322	1001127888	1575610602	1315056
321	1000666389	1575598557	1315056
320	1000666370	1575598482	1315056
319	971574111	1571960476	1315056
318	950168891	1568669513	3118961
317	950168865	1568669437	3118961
316	950168192	1568668086	3970162
315	950168178	1568668058	3970162
314	950168170	1568668020	3970162
313	950168132	1568667904	3118961
312	950165542	1568661599	1315056
311	950165512	1568661497	1315056
310	950164999	1568660439	1315056
309	946788697	1568227349	4365296
308	946483808	1568203586	3952836
307	946052970	1568165718	4365296
306	946052854	1568165697	4365296
305	946052772	1568165672	4365296
304	946052654	1568165613	4365296
303	946052597	1568165582	4365296
302	921747702	1567310283	3952836
301	921684419	1567309049	4583766
300	904488019	1566177828	2776183
299	904488003	1566177747	2776183
298	904437115	1566013979	3118961
297	904434534	1565999810	4365296
296	897909195	1564704840	3118961
295	897909186	1564704757	3118961
294	897909180	1564704664	3118961
293	897909176	1564704610	3118961
292	897883961	1564703656	3118961
291	897880398	1564703058	3118961
290	893478806	1564335656	2776183
289	893478585	1564335256	2776183
288	893478563	1564335110	2776183
287	892639909	1563585273	3118961
286	892639892	1563585154	3118961
285	892639856	1563584849	3118961
284	892639635	1563583665	3118961
283	888391699	1562962495	3970162
282	888388536	1562962448	3970162
281	881061519	1562644574	3970162
280	852542062	1560659988	4302636
279	852541985	1560659803	4302636
278	847962303	1560367618	3638389
277	847962239	1560367452	3638389
276	835311096	1557634452	3952836
275	835126397	1557553475	4302636
274	835126334	1557553361	4302636
273	835126309	1557553270	4302636
272	827942366	1557032377	4268005
271	827808558	1557031453	4268005
270	827795849	1557031346	4268005
269	802088516	1556205747	2241229
268	802044000	1556121925	3952836
267	802042791	1556119513	2241229
266	802003683	1556049173	4302636
265	802003581	1556048855	4302636
264	802003518	1556048808	4302636
263	707819684	1553841397	3638389
262	707819105	1553841221	3638389
261	690893958	1553453291	3970162
260	688990152	1553415314	3970162
259	688990146	1553415290	3970162
258	688990136	1553415260	3970162
257	688990110	1553415181	3970162
256	688990075	1553415123	3970162
255	688990070	1553415110	3970162
254	688990030	1553414998	3970162
253	688990018	1553414968	3970162
252	684671415	1553304312	3970162
251	684668672	1553304287	3970162
250	683478754	1553066294	3970162
249	683478745	1553066280	3970162
248	683473381	1553052750	3970162
247	683466058	1553035751	3118961
246	683466053	1553035739	3118961
245	683396535	1552981869	3970162
244	683385780	1552976502	3970162
243	682666256	1552528944	3970162
242	682666228	1552528810	3970162
241	682666217	1552528762	3970162
240	682666182	1552528493	3970162
239	682666177	1552528464	3970162
238	682666176	1552528447	3970162
237	682666080	1552527707	3970162
236	682666075	1552527686	3970162
235	682666057	1552527581	3970162
234	682666049	1552527561	3970162
233	682666044	1552527537	3970162
232	682665995	1552527185	3970162
231	682665990	1552527153	3970162
230	682665946	1552527124	3970162
229	682665939	1552527093	3970162
228	682665937	1552527081	3970162
227	682415952	1552444045	3118961
226	682415948	1552444034	3118961
225	682415914	1552443870	3118961
224	682415900	1552443779	3118961
223	682415893	1552443744	3118961
222	682415369	1552442293	3952836
221	682415318	1552442139	3952836
220	682078122	1552370609	3970162
219	682078110	1552370555	3970162
218	682077630	1552369221	3970162
217	682077378	1552368348	3970162
216	682077300	1552368051	3970162
215	682077225	1552367760	3970162
214	682076986	1552366758	3970162
213	682076887	1552366393	3970162
212	682076872	1552366331	3970162
211	682076862	1552366307	3970162
210	682076853	1552366259	3970162
209	682076358	1552364299	3970162
208	682076332	1552364217	3970162
207	682076280	1552363941	3970162
206	682076273	1552363904	3970162
205	682076074	1552363057	3970162
204	682076060	1552362967	3970162
203	681262213	1552269491	4365296
202	681262199	1552269459	4365296
201	681262048	1552269067	4365296
200	681262001	1552268909	4365296
199	681255357	1552249355	1315056
198	681254661	1552247645	1315056
197	681248789	1552232262	3803946
196	681240521	1552202349	3646714
195	681240487	1552202230	4365296
194	681240468	1552202180	4365296
193	681204924	1552170354	3646714
192	681198359	1552170252	3646714
191	681178325	1552170021	3646714
190	681176300	1552169995	3646714
189	645592032	1550500957	3803946
188	641845149	1550110019	1315056
187	641845082	1550109694	1315056
186	641845076	1550109666	1315056
185	641844911	1550108714	1315056
184	641808502	1549995558	3646714
183	641449874	1549136950	3118961
182	641449762	1549136770	3118961
181	641449676	1549136534	3118961
180	641411181	1549039624	3118961
179	637949395	1548613178	3952836
178	634284471	1548196122	3646714
177	634268789	1548195903	3646714
176	590370055	1547337705	4583766
175	580269473	1547001974	4583766
174	554957923	1546400827	3646714
173	550503393	1546315567	2280149
172	550232644	1546290083	3646714
171	550194529	1546289544	3646714
170	550182699	1546288997	3646714
169	549971957	1546286015	3646714
168	549959483	1546285724	3646714
167	549910303	1546285073	3646714
166	549850139	1546284113	4302636
165	541737017	1546152514	4583766
164	541117978	1546143508	4583766
163	541102900	1546143302	4583766
162	541102010	1546143290	4583766
161	541101723	1546143285	4583766
160	541075691	1546142832	4583766
159	541046466	1546142395	4583766
158	540972831	1546140532	4583766
157	540972777	1546140439	4583766
156	540972601	1546140131	4583766
155	540972572	1546140090	4583766
154	538098005	1545584973	3952836
153	524265393	1544975739	3646714
152	524264191	1544975716	3646714
151	492024587	1544482337	3646714
150	491993637	1544482168	3646714
149	491982574	1544482081	3646714
148	491949654	1544481861	3646714
147	491884163	1544480619	3646714
146	491883770	1544480453	3646714
145	491883572	1544480360	3646714
144	491882718	1544480034	3646714
143	491543376	1544468261	4302636
142	485761438	1544434705	4302636
141	483477077	1544408319	3646714
140	483435661	1544408080	3970162
139	440974182	1543790658	3952836
138	439568829	1543736080	3646714
137	426272387	1543212341	4304662
136	423501994	1543087684	3646714
135	423492154	1543077335	3646714
134	406579326	1542564767	3646714
133	406579245	1542564687	3646714
132	406578901	1542564358	3646714
131	406462379	1542561705	3646714
130	392994509	1542298309	3646714
129	388204049	1542250091	2280149
128	380925390	1542144925	3952836
127	372477250	1541926177	4302636
126	370803593	1541890723	4302636
125	358943333	1541667073	3952836
124	353216855	1541473049	3646714
123	352659857	1541385268	3646714
122	352659617	1541385036	3646714
121	342865838	1541045825	4583766
120	308532204	1540664075	2773416
119	308488405	1540663937	2773416
118	308484695	1540663925	2773416
117	308457865	1540663818	3952836
116	308451561	1540663789	3952836
115	306666774	1540656971	3952836
114	306623628	1540656795	3952836
113	306611722	1540656754	3952836
112	301948764	1540624392	3952836
111	301916849	1540624188	3952836
110	301909896	1540624133	3952836
109	301905663	1540624098	3952836
108	301902670	1540624064	3952836
107	301898976	1540624039	3952836
106	301876887	1540623866	3952836
105	301874214	1540623837	3952836
104	300406529	1540606642	2773416
103	300392840	1540606561	1315056
102	300249930	1540605630	3646714
101	300177335	1540605063	3646714
100	300164697	1540604996	3646714
99	300159174	1540604976	3646714
98	300142251	1540604888	3646714
97	300137532	1540604860	3646714
96	300102389	1540604629	3646714
95	300099331	1540604615	3646714
94	274921302	1540395757	3646714
93	274919093	1540395717	3646714
92	274918120	1540395693	3646714
91	274909910	1540395535	3646714
90	274895392	1540395297	3646714
89	213993322	1539826520	3970162
88	213273359	1539803558	2773416
87	213272827	1539803170	2773416
86	212232380	1539554615	2773416
85	205236036	1539458248	3638389
84	205233916	1539458220	3638389
83	177345341	1539222140	3646714
82	177344348	1539222125	3646714
81	177335520	1539222027	3646714
80	177305776	1539221749	3646714
79	168240521	1539045387	3646714
78	168237137	1539045247	3646714
77	149477777	1538355816	3646714
76	149297524	1538274369	3646714
75	149297513	1538274349	3646714
74	149292435	1538272005	3646714
73	149292287	1538271974	3646714
72	149291044	1538271349	3646714
71	149037682	1538184386	3646714
70	148123227	1537663301	3646714
69	147767687	1537037740	2773416
68	147767266	1537036789	3646714
67	147643560	1536995853	3646714
66	147642395	1536995400	3646714
65	147642064	1536995272	3646714
64	147641894	1536995161	3646714
63	147641801	1536995080	3646714
62	147641735	1536995058	3646714
61	147432734	1536789283	3970162
60	147432730	1536789270	3970162
59	147314790	1536612007	3638389
58	147314765	1536611903	3638389
57	147261197	1536467231	3952836
56	147256169	1536452225	3952836
55	147251660	1536438784	3646714
54	146725919	1535866345	3970162
53	146681789	1535818097	3952836
52	146680571	1535817553	3952836
51	146564112	1535736490	3646714
50	146551055	1535729816	3646714
49	146509778	1535691137	3970162
48	146509757	1535691118	3970162
47	146509746	1535691075	3970162
46	146509677	1535690991	3970162
45	146509672	1535690963	3970162
44	146432098	1535659148	3952836
43	146416194	1535654786	3952836
42	146416072	1535654758	3952836
41	146225870	1535608183	3952836
40	146215418	1535605468	3970162
39	146215113	1535605391	3970162
38	146215023	1535605380	3970162
37	146214793	1535605331	3970162
36	146214169	1535605214	3970162
35	146211718	1535604567	3970162
34	146211379	1535604466	3970162
33	146211312	1535604447	3970162
32	146211132	1535604392	3970162
31	146210959	1535604365	3970162
30	145263671	1535321949	3646714
29	145185730	1535302175	3952836
28	145165936	1535297297	3646714
27	145165113	1535297094	3646714
26	143525068	1534810641	2773416
25	143524929	1534810581	2773416
24	142342387	1534515929	4297718
23	142341886	1534515788	4297718
22	142229284	1534488557	4297718
21	142226299	1534487931	4297718
20	142223517	1534487320	4297718
19	137309318	1533454898	4267177
18	137308769	1533454789	4267177
17	137308590	1533454750	4267177
16	136727529	1533313446	1315056
15	136704798	1533299846	4240294
14	136702109	1533298369	2773416
13	134602071	1532571648	2773416
12	134601264	1532571383	4240294
11	134225939	1532456472	4240294
10	127990150	1529890536	2773416
9	127309942	1529634873	2773416
8	127143989	1529600235	2773416
7	126780428	1529534250	2773416
6	126780422	1529534233	2773416
5	126764920	1529528286	4240294
4	126764128	1529528072	4240294
3	126482684	1529484195	2773416
2	126147913	1529381124	4240294
1	126147646	1529381027	4240294
0	126146824	1529380703	4240294
