slug: rpc-073
title: "RPC-073"
tags: ["aggression-hazard", "alpha", "bio-hazard", "emotional-hazard", "extra-dimensional-hazard", "orange", "rpc", "translated"]
32	1530175955	1747673224	9487909
31	1530175952	1747673210	9487909
30	1496163116	1665166544	6371726
29	1373997047	1629989624	2818841
28	1040245033	1582160148	4306429
27	1040228930	1582159886	4306429
26	1040207926	1582159518	4306429
25	1039874860	1582151759	4306429
24	893014631	1564078841	3638389
23	893014526	1564078197	3638389
22	847593118	1559294453	4306429
21	803809405	1556377648	3803946
20	802018569	1556077203	4548098
19	580263601	1546987826	3638389
18	580263586	1546987797	3638389
17	528115103	1545165361	4306429
16	414944626	1542738633	4306429
15	366962843	1541800648	3952836
14	213063079	1539797307	4695861
13	167901456	1539034261	3646714
12	164933604	1538969994	3646714
11	164734676	1538964919	4105536
10	146712537	1535825926	3625466
9	138391690	1533636768	4306429
8	138202732	1533605514	4365296
7	138137070	1533595614	4306429
6	138134131	1533595227	4306429
5	138128505	1533594485	4306429
4	138090485	1533589384	4306429
3	137921403	1533558243	4306429
2	137916543	1533557378	4306429
1	137916094	1533557288	4306429
0	137915869	1533557253	4306429
