slug: rpc-239
title: "RPC-239"
tags: ["aggression-hazard", "animated-hazard", "beta", "co-authored", "contact-hazard", "grouped-hazard", "memory-alteration-hazard", "red", "rewrite", "rpc", "sapient-hazard", "translated", "white"]
44	1543693009	1777791399	7013424
43	1512800080	1691340730	5982545
42	1506438157	1673383113	3293845
41	1496537958	1666160717	3293845
40	1496163595	1665167852	6371726
39	1496163437	1665167418	6371726
38	1495836015	1664281155	3293845
37	1489775174	1661768739	3293845
36	1489772190	1661768698	3293845
35	1460677002	1651242937	3293845
34	1460009038	1649590034	3293845
33	1388408252	1643099481	3293845
32	1379510230	1632237789	3293845
31	1379510205	1632237658	3293845
30	1379506038	1632221200	3293845
29	1379327424	1631450651	3293845
28	1379286245	1631295789	2818841
27	1379183447	1631111996	3293845
26	1379183433	1631111943	3293845
25	1379100072	1630672309	3293845
24	1379099941	1630671540	3293845
23	1379099915	1630671371	3293845
22	1364974593	1620484272	3293845
21	1362074970	1617723233	3512728
20	1362074944	1617723106	3512728
19	1362074943	1617723089	3512728
18	1360486066	1615634067	3293845
17	1360218376	1614896636	3293845
16	1360211506	1614863872	3293845
15	1360180399	1614691938	3293845
14	1360162448	1614607031	3293845
13	1360033082	1613990020	3293845
12	1360033008	1613989719	3293845
11	1357329986	1604355320	3293845
10	1356171432	1601416326	3293845
9	1355998401	1600795452	3293845
8	1355998368	1600795271	3293845
7	1355992969	1600773896	3293845
6	1318630530	1598879641	3293845
5	1318630519	1598879602	3293845
4	1311271474	1597042855	3293845
3	1227054337	1594516369	3118961
2	1186872915	1591094009	3293845
1	1084876290	1589053826	3118961
0	1050608092	1584304520	3293845
