slug: contest:j2020jimmyboyhaha
title: "JimmyBoyHaha's J2020 Entry"
tags: ["j2020"]
14	1516995143	1703539158	5982545
13	1066208123	1585715500	4981794
12	1066208116	1585715487	4981794
11	1066207740	1585714876	4981794
10	1066207721	1585714859	4981794
9	1066207707	1585714811	4981794
8	1066207669	1585714698	4981794
7	1066205432	1585714606	4981794
6	1066202884	1585714565	4981794
5	1066201501	1585714544	4981794
4	1051027706	1585256065	3118961
3	1050920824	1585010073	4981794
2	1050920588	1585009637	4981794
1	1050920580	1585009618	3118961
0	1050920431	1585009330	4981794
