slug: contest:j2020highgamma
title: "Table"
tags: ["j2020"]
25	1516995147	1703539205	5982545
24	1514034569	1695072512	5982545
23	1054840683	1585380126	5255092
22	1053714939	1585356993	5255092
21	1051045069	1585291142	4320656
20	1051043651	1585286706	3118961
19	1051040345	1585278061	5255092
18	1051038767	1585275336	5255092
17	1051035069	1585268671	5255092
16	1051035018	1585268560	5255092
15	1051034946	1585268415	5255092
14	1051032971	1585264880	5255092
13	1051032879	1585264718	5255092
12	1051029831	1585259538	5255092
11	1050999133	1585199838	5255092
10	1050999075	1585199478	5255092
9	1050999070	1585199458	5255092
8	1050999006	1585199113	5255092
7	1050998986	1585198990	5255092
6	1050998985	1585198977	5255092
5	1050998969	1585198875	5255092
4	1050998967	1585198853	5255092
3	1050997962	1585194866	3118961
2	1050997927	1585194772	3118961
1	1050997801	1585194407	5255092
0	1050997770	1585194304	5255092
