slug: rpc-963
title: "RPC-963"
tags: ["beta", "extra-dimensional-hazard", "extra-terrestrial-hazard", "format-break", "ideological-hazard", "rpc", "white"]
15	893331752	1564264193	4583766
14	696840862	1553538324	2241229
13	688990424	1553416252	3646714
12	649808399	1550711232	4981794
11	406581418	1542566886	4558857
10	382109893	1542160913	3638389
9	367007013	1541805193	3952836
8	361353646	1541702558	3625466
7	357261555	1541632613	3919635
6	356698720	1541626043	3952836
5	356670577	1541625651	3952836
4	356236930	1541620075	3919635
3	356213996	1541619644	3919635
2	356198526	1541619443	3919635
1	356189319	1541619349	3919635
0	356186598	1541619324	3919635
