slug: rpc-963-supp
title: "Accessed File: RPC-963"
tags: ["supplemental"]
30	1360782180	1615955043	3077628
29	981291073	1573769926	5364454
28	893331701	1564264182	4583766
27	856090150	1560882072	3638389
26	641450268	1549137639	3118961
25	641450266	1549137631	3118961
24	553141730	1546366058	3919635
23	477470255	1544314094	3919635
22	430836674	1543383195	3919635
21	429729784	1543350889	3919635
20	414459145	1542726984	3919635
19	406581429	1542566898	4558857
18	401299278	1542432920	3646714
17	382106657	1542160835	3638389
16	382101573	1542160736	3638389
15	376541241	1542030784	3919635
14	374726927	1541974338	3118961
13	367019628	1541819946	4304662
12	367007023	1541805213	3952836
11	357333832	1541634143	3919635
10	357330377	1541634057	3919635
9	356698112	1541626035	3952836
8	356670255	1541625642	3952836
7	356240438	1541620134	3919635
6	356217822	1541619710	3919635
5	356217139	1541619699	3919635
4	356215812	1541619679	3919635
3	356210224	1541619568	3919635
2	356202668	1541619484	3919635
1	356200673	1541619461	3919635
0	356195819	1541619414	3919635
