slug: rpc-284
title: "RPC-284"
tags: ["alpha", "beta", "grouped-hazard", "orange", "red", "rpc", "sub-vesuvia", "translated"]
32	1518746597	1709356222	2947029
31	1496163565	1665167743	6371726
30	1496163563	1665167726	6371726
29	1459783770	1649036201	3672751
28	1388643210	1644038312	4304662
27	1388643204	1644038265	4304662
26	1387651108	1639973470	4304662
25	1387651104	1639973442	4304662
24	1364653909	1619134551	3118961
23	1356697154	1602556443	3672751
22	1356697119	1602556398	3672751
21	1356697112	1602556381	3672751
20	1155604951	1590554918	4304662
19	1155602204	1590554898	4304662
18	1038775112	1582089869	4304662
17	1037506725	1582059559	4304662
16	1037501829	1582059478	4304662
15	1037482112	1582058950	4304662
14	1037481726	1582058416	4304662
13	1037481601	1582058160	4304662
12	1037481362	1582057882	4304662
11	1037481284	1582057810	4304662
10	1037390082	1582056132	4304662
9	1037371970	1582055200	4304662
8	1037367501	1582055132	4304662
7	1037320013	1582049991	4304662
6	1036871351	1582000527	4304662
5	1036838414	1581999732	3118961
4	1036835706	1581999685	3118961
3	1036782427	1581998533	4304662
2	1036774867	1581998405	4304662
1	1036774859	1581998373	4304662
0	1036773658	1581998350	4304662
