slug: rpc-010
title: "RPC-010"
tags: ["aggression-hazard", "beta", "grouped-hazard", "orange", "regenerative-hazard", "rpc", "sapient-hazard", "top10", "translated"]
71	1542712310	1773696942	10197776
70	1527143430	1736211621	9487909
69	1518744080	1709344556	2947029
68	1496162660	1665165179	6371726
67	1460016992	1649622890	3293845
66	1460016948	1649622804	3293845
65	1460016901	1649622556	3293845
64	1379276761	1631247554	7287895
63	1379276758	1631247515	7287895
62	1367313862	1627647005	7299722
61	1115167424	1590254434	3952836
60	1048155321	1583648590	4981794
59	1048147749	1583620024	3952836
58	1047087536	1582957637	3952836
57	1047086953	1582956526	6129319
56	1033417355	1577083440	1315056
55	933641892	1567559491	3118961
54	933640596	1567559471	3118961
53	904631128	1566427962	3638389
52	904631118	1566427916	3638389
51	847068112	1558467586	3118961
50	808060994	1556867408	5323348
49	805570275	1556516959	3646714
48	682182224	1552410246	3638389
47	682178420	1552397699	4583766
46	641630524	1549566760	4315330
45	234178228	1540073329	3638389
44	234177168	1540073313	3638389
43	213446967	1539808194	3952836
42	212402858	1539746205	4695861
41	167249805	1539019490	2947029
40	166870203	1539011765	2947029
39	164272082	1538954170	4279706
38	146707697	1535824813	2773416
37	146495868	1535681104	4414643
36	136128001	1533078556	2906223
35	133365669	1532022127	3992967
34	133186550	1531939545	4293284
33	133186441	1531939503	4293284
32	131082290	1530898376	4269320
31	131080865	1530897475	3765552
30	130376667	1530658188	2906223
29	130373902	1530656971	4271216
28	128733015	1530171010	3029041
27	128606997	1530133996	4240294
26	128606235	1530133832	4240294
25	127756447	1529793924	4240294
24	127756387	1529793887	4240294
23	127142018	1529599921	2773416
22	126907844	1529567240	2773416
21	126905011	1529566907	2773416
20	126887122	1529564013	4240294
19	126279141	1529428514	4240294
18	126272536	1529425741	4264551
17	126111587	1529348215	2773416
16	126111556	1529348184	2773416
15	126104366	1529341083	4265034
14	126013870	1529298638	1367078
13	126012313	1529298097	4240294
12	126008521	1529296762	1367078
11	126007605	1529296414	1367078
10	125910567	1529260030	2303724
9	125881692	1529247310	4240294
8	125832599	1529217781	4240294
7	125832332	1529217660	4240294
6	125832175	1529217598	4240294
5	125832033	1529217526	4240294
4	125831878	1529217472	4240294
3	125831813	1529217423	4240294
2	125831781	1529217404	4240294
1	125808685	1529198091	4240294
0	125806881	1529197427	4240294
