slug: contest:winterentrytacticalnuke
title: "The Forest of Noble Truths"
tags: ["newrpc"]
19	1516983649	1703449962	5982545
18	1356695214	1602553642	3672751
17	641884009	1550214434	4306594
16	641883995	1550214377	4306594
15	641550410	1549392770	3646714
14	641300839	1548812320	4306594
13	641300776	1548812043	4306594
12	641300573	1548811620	4306594
11	641300397	1548811127	4306594
10	641300079	1548810259	4306594
9	641300043	1548810124	4306594
8	641300031	1548810097	4306594
7	641299566	1548809253	4306594
6	641298661	1548807085	4306594
5	641298654	1548807033	4306594
4	641298583	1548806951	4306594
3	641298579	1548806921	4306594
2	641298566	1548806886	4306594
1	641298562	1548806863	4306594
0	641298548	1548806810	4306594
