slug: teleportation-1
title: "Teleportation 1"
tags: []
16	1033917137	1579092502	4383339
15	1033376863	1576949866	4518363
14	987129437	1575125945	4518363
13	987129436	1575125914	4518363
12	987129422	1575125803	4518363
11	987075119	1574967959	4518363
10	986278372	1574365703	4518363
9	986278306	1574365464	4518363
8	986278084	1574364409	4518363
7	986278078	1574364367	4518363
6	986278071	1574364339	4518363
5	986277976	1574363860	4518363
4	986277975	1574363841	4518363
3	986277967	1574363754	4518363
2	986277959	1574363682	4518363
1	986277914	1574363528	4518363
0	986277908	1574363487	4518363
