slug: rpc-630
title: "RPC-630"
tags: ["beta", "co-authored", "ecological-hazard", "explosive-hazard", "grouped-hazard", "nucorp", "organic-hazard", "radiation-hazard", "rpc", "toxic-hazard", "yellow"]
10	1510420977	1684855251	6371726
9	1510420975	1684855244	6371726
8	1362080412	1617744599	3512728
7	1362080409	1617744565	3512728
6	1316398091	1598153491	5330965
5	1226577915	1594510513	3118961
4	1073213150	1586661579	3638389
3	1073213141	1586661557	3638389
2	1073156907	1586480855	5330965
1	1062678257	1585542347	4981794
0	1061755463	1585523803	5330965
