slug: fragment:thelid-3
title: "RPC-306"
tags: []
16	1356699856	1602560635	3672751
15	1182887063	1590901681	4981794
14	1182887017	1590901470	4306594
13	1182887003	1590901411	4306594
12	1182887000	1590901395	4306594
11	1182886995	1590901380	4306594
10	1182886990	1590901361	4306594
9	1182886985	1590901347	4306594
8	1182886983	1590901328	4306594
7	1182886976	1590901314	4306594
6	1182886972	1590901295	4306594
5	1182886915	1590901079	4306594
4	1182886905	1590901033	4306594
3	1182886814	1590900671	4306594
2	1182886785	1590900552	4306594
1	1182886630	1590900199	4306594
0	1182886617	1590900122	4306594
