slug: rpc-306
title: "RPC-306"
tags: ["alpha", "beta", "black", "climatological-hazard", "contact-hazard", "destabilization-hazard", "extreme-temperature-hazard", "geological-hazard", "ideological-hazard", "rpc", "sapient-hazard", "transmutation-hazard", "yellow"]
12	1388798591	1644644359	5716946
11	1184709174	1590947133	3118961
10	1184708277	1590947115	3118961
9	1184705996	1590947067	3118961
8	1184703729	1590947035	3118961
7	1182887051	1590901604	4981794
6	1182886736	1590900405	4306594
5	1182886579	1590899920	4306594
4	1182886504	1590899858	4306594
3	1182886498	1590899842	4306594
2	1182886489	1590899807	4306594
1	1182886473	1590899694	4306594
0	1182886453	1590899600	4306594
