slug: test-dmig
title: "Место для реализации мыслишек Dmig'а"
tags: []
22	103722071	1521131283	3154805
21	103567196	1520863711	3154805
20	89275162	1505760428	3154805
19	89184827	1505554098	3154805
18	89151148	1505498676	3154805
17	89142841	1505481254	3154805
16	89132133	1505457436	3154805
15	89112114	1505413287	3154805
14	89102134	1505383508	3154805
13	89101884	1505383178	3154805
12	89099580	1505379905	3154805
11	84757530	1496923652	3154805
10	84757208	1496922527	3154805
9	84724009	1496858306	3154805
8	84688686	1496775009	3154805
7	84687455	1496771497	3154805
6	84686488	1496770177	3154805
5	84674071	1496750717	3154805
4	84672640	1496748269	3154805
3	84671090	1496746047	3154805
2	84643718	1496684899	3154805
1	84596692	1496599546	3154805
0	84596633	1496599404	3154805
