slug: rpc-548
title: "RPC-548"
tags: ["aggression-hazard", "animated-hazard", "black", "extra-terrestrial-hazard", "ideological-hazard", "omega", "rpc", "sapient-hazard", "top10", "translated", "tychokinetic-hazard", "visual-hazard"]
43	1542712683	1773698438	10197776
42	1526990995	1735433157	9487909
41	1497318918	1668163142	6371726
40	1360786592	1615981817	7271260
39	1360501694	1615721785	7271260
38	1355916680	1600497200	6264298
37	1073915655	1587312309	3118961
36	1048148173	1583621401	3952836
35	1033428202	1577119051	1315056
34	972900615	1572649715	4315330
33	942092457	1567825994	4738222
32	933450745	1567556837	3118961
31	844955078	1558229791	3118961
30	844955055	1558229754	3118961
29	700794725	1553641425	3803946
28	366930088	1541799895	3952836
27	340735800	1541017225	1315056
26	234482048	1540075534	3638389
25	213362716	1539806581	3952836
24	213245725	1539801710	3952836
23	187969340	1539311796	1315056
22	176312717	1539213115	1315056
21	176081503	1539211010	3646714
20	168285525	1539046575	3952836
19	168284751	1539046558	3952836
18	166943671	1539013415	1315056
17	166898840	1539012423	2947029
16	164899537	1538969216	3646714
15	164671076	1538963561	2976054
14	147434016	1536791651	1315056
13	146717007	1535836924	2773416
12	143357473	1534764118	4076346
11	134364158	1532497499	2773416
10	134357289	1532495815	2773416
9	134356293	1532495483	1315056
8	132531982	1531587027	3118961
7	130014975	1530507894	2906223
6	129096272	1530252642	4286330
5	128403398	1530069082	4293284
4	128398638	1530066893	1315056
3	127907163	1529858726	2773416
2	127790207	1529812128	3765552
1	127776857	1529805737	1315056
0	127776845	1529805716	1315056
