slug: rpc-898
title: "RPC-898"
tags: ["aggression-hazard", "gamma", "grouped-hazard", "red", "rpc", "sapient-hazard"]
62	1379324718	1631433430	2140894
61	1379200931	1631152314	2140894
60	1379200928	1631152304	2140894
59	1379200866	1631152263	2140894
58	1379200864	1631152240	2140894
57	1362082212	1617757834	3512728
56	1362082205	1617757800	3512728
55	1362082203	1617757788	3512728
54	1188001915	1591248278	2140894
53	1188001863	1591248253	2140894
52	1187718989	1591240731	2140894
51	1187718986	1591240686	2140894
50	1187718982	1591240663	2140894
49	1073238201	1586712253	3638389
48	1073238198	1586712241	3638389
47	1073238187	1586712213	3638389
46	1073238131	1586712196	3638389
45	1034228248	1580163406	2140894
44	1034207687	1580100104	2140894
43	1034207684	1580100081	2140894
42	1034207254	1580098472	2140894
41	1034207248	1580098457	2140894
40	963055425	1570398067	2140894
39	904566567	1566284343	2140894
38	901559147	1565480757	2140894
37	889349602	1563050283	3638389
36	889349503	1563050225	3638389
35	847794838	1559799557	2140894
34	847283806	1559102370	2140894
33	847276034	1559070476	2140894
32	847275867	1559069668	2140894
31	847233788	1558903962	2140894
30	847233691	1558903869	2140894
29	847220103	1558844464	4548098
28	847220093	1558844425	4548098
27	847171654	1558665253	2140894
26	847171641	1558665222	2140894
25	847171552	1558664634	2140894
24	847171542	1558664561	2140894
23	847171437	1558664219	2140894
22	847171435	1558664190	2140894
21	847171430	1558664160	2140894
20	847171039	1558662551	2140894
19	847171033	1558662510	2140894
18	844864067	1558108017	3952836
17	844846940	1558069227	4981794
16	844844604	1558062598	2140894
15	844844554	1558062498	2140894
14	844844544	1558062482	2140894
13	844844311	1558061987	2140894
12	844844288	1558061952	2140894
11	844838475	1558049397	3952836
10	844120146	1557982489	2140894
9	843936434	1557979592	2140894
8	843934183	1557979564	2140894
7	843920511	1557979343	2140894
6	843918923	1557979288	2140894
5	843914836	1557979189	2140894
4	843907296	1557978973	2140894
3	843905394	1557978935	2140894
2	843899148	1557978768	2140894
1	843898734	1557978755	2140894
0	843879936	1557978363	2140894
