slug: nav:side
title: "Side Navigation"
tags: []
39	1543786629	1778184871	6388899
38	1543765390	1778071202	6388899
37	1543363141	1776306987	9615577
36	1542852606	1774244542	3781861
35	1542852598	1774244483	3781861
34	1541593605	1769391995	4598089
33	1539904736	1764087945	2336666
32	1512841020	1691517102	6388899
31	1459504019	1648006608	3075960
30	1388190939	1641942317	4598089
29	1364987750	1620572663	3681296
28	1358460506	1608104186	1404533
27	1356714413	1602599596	2893766
26	965285059	1570596092	1404533
25	850877365	1560584631	1404533
24	650838871	1551254665	1404533
23	650838859	1551254613	1404533
22	650838819	1551254532	1404533
21	650838808	1551254470	1404533
20	650838788	1551254388	1404533
19	650163297	1550908570	1404533
18	650163207	1550908396	1404533
17	511141577	1544609013	1404533
16	118016087	1527121196	1404533
15	118016021	1527121141	1404533
14	111347291	1524683425	1404533
13	108701420	1523318519	1404533
12	108701412	1523318501	1404533
11	108701397	1523318460	1404533
10	108701386	1523318439	1404533
9	93098062	1513068179	2227264
8	93098061	1513068172	2227264
7	93098052	1513068162	2227264
6	93098049	1513068143	2227264
5	93098048	1513068134	2227264
4	93098045	1513068125	2227264
3	93098039	1513068111	2227264
2	93098030	1513068095	2227264
1	93097897	1513067920	2227264
0	93096326	1513064451	323946
