slug: home:home
title: "SCP Sandbox III"
tags: []
33	1543765448	1778071314	6388899
32	1528177788	1740989030	1404533
31	1528177781	1740988978	1404533
30	1510405685	1684808517	5963598
29	1510190121	1683831301	6388899
28	1510190117	1683831281	6388899
27	1388190947	1641942399	4598089
26	1388190909	1641942091	4598089
25	1379141598	1630905189	1404533
24	1378504912	1630138003	1404533
23	1378504909	1630137977	1404533
22	1366955068	1625901922	1404533
21	1366955061	1625901886	1404533
20	1366955051	1625901801	1404533
19	1366955044	1625901754	1404533
18	1362083555	1617767041	4598089
17	1359833746	1613197822	1404533
16	1359833733	1613197791	1404533
15	1358460490	1608104104	1404533
14	1358460483	1608104081	1404533
13	1265380166	1595394770	1404533
12	1265330714	1595394233	1404533
11	1224185345	1594355772	1404533
10	525833406	1545102436	1404533
9	525833328	1545102420	1404533
8	525833249	1545102395	1404533
7	525833032	1545102355	1404533
6	108701319	1523318333	1404533
5	108701274	1523318301	1404533
4	107902410	1522970534	1404533
3	93098713	1513069639	2227264
2	93098712	1513069621	2227264
1	93096978	1513065753	2227264
0	93096345	1513064451	323946
