slug: rpc-047
title: "RPC-047"
tags: ["aggression-hazard", "alpha", "contact-hazard", "ideological-hazard", "mi13", "rpc", "translated", "visual-hazard", "yellow"]
37	1543443450	1776603822	5197199
36	1541694825	1769859135	4330657
35	1530175704	1747671786	9487909
34	1530175702	1747671769	9487909
33	1514597490	1696634252	6371726
32	1495834088	1664275194	7803981
31	1318442014	1598277523	4921282
30	1075277833	1587843243	3638389
29	1075277824	1587843221	3638389
28	1075277820	1587843197	3638389
27	1034080457	1579643982	2776183
26	1033260400	1576678688	2776183
25	1033195237	1576670385	2776183
24	1033195233	1576670366	2776183
23	974619184	1572703325	3323177
22	897909420	1564705923	3118961
21	856166736	1560886045	3638389
20	847993716	1560456484	2776183
19	788192298	1555726357	3803946
18	681250289	1552236168	3638389
17	681243070	1552211374	3646714
16	641337350	1548871221	4305987
15	590985070	1547402386	3167282
14	574437319	1546841664	3638389
13	574435805	1546841627	3638389
12	364106293	1541740388	3970162
11	213476135	1539809143	3952836
10	212983344	1539794880	4695861
9	212395637	1539729046	2776183
8	167190002	1539018266	2947029
7	166876418	1539011935	2947029
6	164588833	1538961352	3646714
5	164387751	1538956736	4105536
4	148622324	1538003985	2773416
3	148622320	1538003971	2773416
2	148616653	1538001480	2776183
1	148615846	1538001191	2776183
0	148615527	1538001113	2776183
