slug: person-mechanic
title: "Личный файл Механика"
tags: []
19	1460957238	1652130049	754405
18	1385998393	1635627622	754405
17	1357778853	1605992405	754405
16	148428823	1537809630	754405
15	88909616	1504990824	754405
14	80198144	1485812011	754405
13	80198012	1485811348	754405
12	78751167	1479668406	754405
11	78340756	1477947640	754405
10	78340755	1477947640	754405
9	78340751	1477947637	754405
8	77763451	1475182849	754405
7	77066586	1471640423	754405
6	74960254	1462050007	754405
5	56170221	1441040432	754405
4	56146659	1440927270	754405
3	56145597	1440921668	754405
2	55881636	1440054015	754405
1	54110387	1433055638	754405
0	54110354	1433055620	754405
