slug: a-sunset-s-saudade
title: "A Sunset's Saudade"
tags: ["children-of-nihil", "eoi-tale", "short", "tale", "translated"]
13	1545670434	1785757140	5197199
12	1545670425	1785757115	5197199
11	802016786	1556073104	3118961
10	802016461	1556072443	3118961
9	801977689	1556014936	3118961
8	801926328	1555942663	3118961
7	484211217	1544413525	3952836
6	194783797	1539366893	2773416
5	168613868	1539056545	3952836
4	146713029	1535826719	3625466
3	145492738	1535377542	260457
2	134647762	1532584037	260457
1	131771926	1531362989	260457
0	131648153	1531306265	260457
