slug: facebook-message-01-14-2016
title: "Facebook Message 01/14/2016"
tags: ["acquired-media", "comedy", "document", "eoi-tale", "translated", "writings"]
23	1530316080	1748704613	9487909
22	1529614929	1745686370	5982545
21	1497166118	1667563205	6371726
20	1364850910	1620032137	7271260
19	1356600530	1602369738	5689914
18	1319169354	1599298904	6264298
17	1215251098	1593503394	6264298
16	1075274575	1587831322	3118961
15	1047087640	1582957881	4981794
14	1047087194	1582957020	6129319
13	1047030162	1582858211	3118961
12	1034683222	1581277929	3118961
11	1034681294	1581271169	3952836
10	1034680913	1581269905	3952836
9	902941732	1565709259	3118961
8	683471114	1553048046	4558857
7	683468211	1553041259	4981794
6	683457452	1553017608	3186381
5	683363339	1552933443	4558857
4	683363321	1552933371	4558857
3	683363304	1552933343	4558857
2	550503776	1546316360	3646714
1	311602108	1540705209	2773416
0	311068990	1540694560	4558857
