slug: 015
title: "015 - Стена Аккера"
tags: ["исследуется", "колоссальный", "легенды", "локация", "неизучен", "сооружение", "сюжетный"]
35	1527030736	1735660445	1191487
34	1524283902	1725051639	754405
33	1524202391	1724682730	1191487
32	1523652932	1723562166	1191487
31	1460957672	1652132644	754405
30	1460957370	1652130686	754405
29	1367322351	1627679481	754405
28	1366779698	1625001094	754405
27	1365009023	1620681078	754405
26	1364786467	1619731378	754405
25	147281877	1536526839	754405
24	80231295	1485897726	754405
23	55916464	1440219661	754405
22	52145939	1423924598	1191487
21	51843274	1422126065	754405
20	51841897	1422117208	1938919
19	51841160	1422111639	754405
18	51841114	1422111184	1191487
17	51785940	1421769206	754405
16	51785848	1421768573	1191487
15	51785796	1421768135	754405
14	51785760	1421767829	1938919
13	51785716	1421767526	1191487
12	51785640	1421767396	1191487
11	51772343	1421679340	754405
10	51772275	1421678691	1191487
9	51760665	1421592521	754405
8	51760508	1421591320	1191487
7	51750040	1421509852	754405
6	51749988	1421508912	1938919
5	51749919	1421508202	1191487
4	51210282	1417803748	754405
3	51210278	1417803709	754405
2	51210144	1417803167	1191487
1	51210137	1417803125	1191487
0	51210133	1417803103	1191487
