slug: lab:guard
title: ""
tags: []
26	1359627185	1612601121	4518363
25	1359627171	1612601005	4518363
24	1359627151	1612600887	4518363
23	1359627035	1612600217	4518363
22	1359627021	1612600089	4518363
21	1048167909	1583682729	4518363
20	1048166421	1583677762	4518363
19	1048166038	1583676562	4518363
18	1048165949	1583676351	4518363
17	1048165892	1583676180	4518363
16	1048165790	1583675926	4518363
15	1048165691	1583675708	4518363
14	1048165674	1583675650	4518363
13	1047530977	1583009948	4518363
12	1034475743	1580588243	4518363
11	1034475742	1580588226	4518363
10	1034475719	1580587983	4518363
9	1034475545	1580586579	4518363
8	1034475401	1580585835	4518363
7	1034475385	1580585691	4518363
6	1034475384	1580585669	4518363
5	1034475335	1580585509	4518363
4	1034475322	1580585448	4518363
3	1034475279	1580585392	4518363
2	1034475240	1580585221	4518363
1	1034475144	1580585021	4518363
0	1034475096	1580584834	4518363
