slug: rpc-290
title: "RPC-290"
tags: ["alpha", "orange", "rpc", "sensory-hazard", "translated"]
54	1360955657	1616154751	7271260
53	1360687708	1615893386	7271260
52	1355757624	1600176905	6264298
51	1285712846	1595749842	6264298
50	1191723537	1591407774	6264298
49	1191700946	1591407396	6264298
48	1095573969	1589916968	3646714
47	1095572463	1589916944	3646714
46	1095568342	1589916882	3646714
45	1095565136	1589916821	3646714
44	1095562710	1589916772	3646714
43	1095555613	1589916663	3646714
42	1095544653	1589916494	3646714
41	1095543810	1589916482	3646714
40	1095541419	1589916444	3646714
39	1095538240	1589916395	3646714
38	1095536604	1589916374	3646714
37	1095531113	1589916271	3646714
36	1089596017	1589620475	3646714
35	1084936119	1589163869	3646714
34	1084936056	1589163734	3646714
33	1084914093	1589085021	3646714
32	1084533566	1588823864	3646714
31	1084521861	1588800749	3646714
30	1084521799	1588800646	3646714
29	1084521768	1588800586	3646714
28	1084521749	1588800555	3646714
27	1084521728	1588800520	3646714
26	1084521705	1588800479	3646714
25	1084521644	1588800351	3646714
24	1084521385	1588799860	3646714
23	1084521315	1588799695	3646714
22	1084521304	1588799671	3646714
21	1084521290	1588799644	3646714
20	1084521112	1588799375	3646714
19	1084521093	1588799331	3646714
18	1073158677	1586488199	3646714
17	1073158471	1586487543	3646714
16	1048148041	1583621215	3952836
15	933624252	1567559165	3118961
14	847035355	1558455081	3646714
13	847035350	1558455065	3646714
12	847035341	1558455035	3970162
11	847035333	1558455015	3970162
10	847035194	1558454733	3646714
9	847035192	1558454717	3646714
8	847035184	1558454706	3646714
7	847035166	1558454683	3646714
6	805559798	1556492371	3646714
5	802003948	1556050081	4548098
4	802003940	1556050054	4548098
3	731985891	1555010690	3638389
2	727991581	1554952215	3646714
1	727991473	1554951953	3646714
0	727991472	1554951927	3646714
