slug: pt-100
title: "PT-100"
tags: ["acquired-media", "amazing.co", "document", "foa", "goi-doc", "translated"]
18	1530316126	1748704715	9487909
17	1530316121	1748704705	9487909
16	1075274581	1587831331	3118961
15	1075274283	1587830244	3118961
14	1073156444	1586478625	4921282
13	1034683008	1581277169	3118961
12	1034682850	1581276612	4315330
11	1034680884	1581269782	3952836
10	1033659852	1578057600	4315330
9	1033659806	1578057531	4315330
8	1033655671	1578039309	4315330
7	1033655103	1578036150	4315330
6	1033655037	1578035653	4315330
5	1033654831	1578035050	4315330
4	946807219	1568231450	5054156
3	904437916	1566017179	2930589
2	904437914	1566017164	2930589
1	904426097	1565976856	3952836
0	901556219	1565466285	4315330
