slug: tales-by-date
title: "Tales and Docs by Date"
tags: ["archived"]
29	1529870868	1746225749	5982545
28	1521376232	1719884718	5982545
27	1520948309	1718502117	5982545
26	1517966208	1706844936	5982545
25	1517217858	1704565186	5982545
24	1516900247	1703112261	5982545
23	1514395389	1696199348	5982545
22	1513570809	1693565771	5982545
21	1512674260	1690907543	5982545
20	1511751130	1688226987	5982545
19	1510628350	1685392403	5982545
18	1510608661	1685304627	5982545
17	1360063982	1614130075	3118961
16	1288994309	1595796422	3118961
15	1075281408	1587863109	3118961
14	1048443224	1584175330	4981794
13	1048438368	1584163320	6209186
12	1034255260	1580264105	3118961
11	1033844903	1578771433	3118961
10	1033844900	1578771410	3118961
9	881079259	1562712451	3118961
8	801935510	1555963045	3118961
7	801924930	1555941059	3118961
6	800220671	1555897392	3118961
5	796644852	1555801122	3118961
4	796612615	1555800716	3118961
3	796601714	1555800579	3118961
2	796577776	1555800124	3118961
1	796577247	1555800108	3118961
0	796303468	1555795503	3118961
