slug: rpc-773
title: "RPC-773"
tags: ["amazing.co", "extra-dimensional-hazard", "omega", "orange", "organic-hazard", "regenerative-hazard", "rpc", "sapient-hazard", "teleportation-hazard", "terribletrio", "terribletrio-amazing", "transmutation-hazard"]
14	1545910335	1786515912	3050074
13	1545875626	1786417954	3050074
12	1545775672	1786124570	9807395
11	1545678229	1785780578	3072892
10	1545677223	1785776454	9807395
9	1545589907	1785440332	9807395
8	1545589849	1785440074	9807395
7	1545571051	1785410612	9678829
6	1545571034	1785410583	9678829
5	1545571004	1785410534	9678829
4	1545550916	1785369417	4318134
3	1545550866	1785369010	9807395
2	1545550855	1785368927	9807395
1	1545550778	1785368504	9807395
0	1545550768	1785368429	9807395
