slug: rpc-684
title: "RPC-684"
tags: ["alpha", "digital-hazard", "kabushiki-kawaii", "memory-alteration-hazard", "mind-control-hazard", "rpc", "terribletrio", "terribletrio-kabushiki", "transmutation-hazard", "visual-hazard", "yellow"]
14	1545807235	1786221268	6220006
13	1545751891	1786063559	6220006
12	1545751869	1786063376	6220006
11	1545747947	1786045413	7013424
10	1545747898	1786045256	7013424
9	1545747797	1786044992	7013424
8	1545747758	1786044809	7013424
7	1545747616	1786044459	7013424
6	1545747589	1786044251	6220006
5	1545747569	1786044181	6220006
4	1545747565	1786044157	6220006
3	1545747555	1786044105	6220006
2	1545747476	1786043680	6220006
1	1545747469	1786043653	6220006
0	1545747461	1786043611	6220006
