slug: sub-vesuvia-event
title: "Sub Vesuvia Event"
tags: ["event"]
37	1531619379	1755465526	5982545
36	1459783474	1649034567	3672751
35	1364653942	1619134778	3118961
34	1364653897	1619134434	3118961
33	1318442751	1598280143	3118961
32	1318442691	1598279851	3118961
31	1318442648	1598279727	3118961
30	1318425577	1598208998	3118961
29	1311380871	1597445091	3118961
28	1311360888	1597351408	3118961
27	1288995575	1595796448	3118961
26	1214979068	1592481552	3118961
25	1073682588	1587049090	3118961
24	1073682552	1587048942	3118961
23	1073682488	1587048663	3118961
22	1073680146	1587040721	3952836
21	1072652397	1585854712	3118961
20	1048121585	1583543865	3118961
19	1048121521	1583543823	3118961
18	1046906424	1582565845	3952836
17	1046894096	1582523603	3952836
16	1034479046	1580599067	3952836
15	1034479041	1580599016	3952836
14	1034479034	1580598967	3952836
13	1034449505	1580497170	3952836
12	1034145521	1579868203	3952836
11	1033968240	1579304139	3118961
10	1033967697	1579301286	4302636
9	1033967637	1579301095	3952836
8	1033967612	1579300960	3952836
7	1033967602	1579300921	3952836
6	1033967589	1579300849	3952836
5	1033967577	1579300795	3952836
4	1033967575	1579300786	3952836
3	1033967570	1579300770	3952836
2	1033967567	1579300755	3952836
1	1033967564	1579300734	3952836
0	1033967533	1579300716	3952836
