slug: rpc-703
title: "RPC-703"
tags: ["alpha", "destabilization-hazard", "explosive-hazard", "extreme-temperature-hazard", "gravitational-hazard", "regenerative-hazard", "rpc", "temporal-hazard", "yellow"]
18	1364982033	1620532796	2976054
17	1362077509	1617732388	3672751
16	1362077503	1617732368	3672751
15	1358597499	1608539710	2976054
14	1358597494	1608539639	2976054
13	1358597488	1608539584	2976054
12	1073238483	1586712405	3638389
11	1073238479	1586712391	3638389
10	1050964025	1585104799	2944267
9	1034027640	1579492058	4981794
8	1034010652	1579435348	2976054
7	1034006131	1579414637	2976054
6	1034006130	1579414626	2976054
5	1034006124	1579414599	2976054
4	1034006020	1579414033	2976054
3	1034006013	1579413965	2976054
2	1034006010	1579413955	2976054
1	1034005944	1579413720	2976054
0	1034005911	1579413418	2976054
