slug: component:engineering-component-theme
title: "Engineering Component Theme"
tags: ["theme"]
25	1357575341	1605162607	3118961
24	1050603838	1584297101	3118961
23	1048200135	1583779984	3118961
22	1046911715	1582588355	3118961
21	1046911699	1582588280	3118961
20	1046911657	1582588055	3118961
19	1046911448	1582586995	3118961
18	1034677259	1581258782	3118961
17	1034677206	1581258608	3118961
16	1034677174	1581258488	3118961
15	1034677030	1581258053	3118961
14	1034676950	1581257757	3118961
13	1034676936	1581257694	3118961
12	1034475607	1580587052	3118961
11	1034475600	1580587012	3118961
10	1034475599	1580586992	3118961
9	1034475591	1580586936	3118961
8	1034183433	1580007689	3118961
7	1034157114	1579903452	3118961
6	1034156308	1579901003	3118961
5	1034136659	1579833215	3118961
4	1034136651	1579833196	3118961
3	1034136607	1579833120	3118961
2	1034136601	1579833093	3118961
1	1034136565	1579832918	3118961
0	1034136562	1579832887	3118961
