slug: dd-095
title: "DD-095"
tags: []
30	1543092858	1775230089	9720100
29	1543092807	1775229870	9720100
28	1542966100	1774684755	9720100
27	1542966085	1774684712	9720100
26	1539136808	1762570391	9720100
25	1531019440	1752633386	9720100
24	1531019360	1752632981	9720100
23	1531019259	1752632567	9720100
22	1531019244	1752632465	9720100
21	1530837192	1751731691	9720100
20	1530528006	1750047384	9720100
19	1530527869	1750046066	9720100
18	1530527817	1750045709	9720100
17	1530527795	1750045503	9720100
16	1530505825	1749918176	9720100
15	1530505777	1749918091	9720100
14	1530505768	1749918027	9720100
13	1530505747	1749917887	9720100
12	1530505702	1749917673	9720100
11	1530505564	1749916723	9720100
10	1530505473	1749915814	9720100
9	1530474636	1749712261	9720100
8	1530456142	1749572671	9720100
7	1530455726	1749570179	9720100
6	1530455666	1749569725	9720100
5	1530455631	1749569476	9720100
4	1530455553	1749569054	9720100
3	1530455451	1749568498	9720100
2	1530455442	1749568357	9720100
1	1530455353	1749567906	9720100
0	1530453420	1749558071	9720100
