slug: the-void
title: "The Void"
tags: []
23	1540842580	1766332119	9720100
22	1540842439	1766331919	9720100
21	1531428738	1754578386	9720100
20	1531046060	1752746470	9720100
19	1530501891	1749896113	9720100
18	1530501885	1749896088	9720100
17	1530501863	1749895949	9720100
16	1530501812	1749895836	9720100
15	1530501805	1749895801	9720100
14	1530501750	1749895475	9720100
13	1530501725	1749895347	9720100
12	1530501716	1749895280	9720100
11	1530501678	1749895002	9720100
10	1530501587	1749894703	9720100
9	1530501582	1749894687	9720100
8	1530501568	1749894620	9720100
7	1530486807	1749799640	9720100
6	1530486801	1749799572	9720100
5	1530486340	1749793833	9720100
4	1530486334	1749793781	9720100
3	1530486330	1749793739	9720100
2	1530486318	1749793574	9720100
1	1530486314	1749793543	9720100
0	1530486272	1749793142	9720100
