slug: rpc-384
title: "RPC-384"
tags: ["academy", "alpha", "bio-hazard", "emotional-hazard", "orange", "organic-hazard", "rpc", "sapient-hazard"]
19	1478914457	1657747505	3038828
18	1073755550	1587136304	4268005
17	1073065081	1586206380	2944267
16	1073064795	1586205836	2944267
15	972901743	1572655482	4315330
14	961338261	1569933186	3145169
13	880426164	1562258794	3638389
12	795808773	1555788355	2280149
11	719124885	1554416863	2776183
10	682077082	1552367087	3970162
9	682077017	1552366873	3970162
8	681254683	1552247692	1315056
7	650107657	1550798800	4268005
6	650041801	1550735389	4981794
5	649647743	1550628205	3952836
4	641910234	1550298567	4268005
3	641906301	1550284779	4268005
2	641901661	1550268205	4268005
1	641886115	1550221586	4268005
0	641886024	1550221180	4268005
