slug: rpc-503
title: "RPC-503"
tags: ["aggression-hazard", "alpha", "foa", "grouped-hazard", "orange", "rpc", "sapient-hazard", "temporal-hazard", "top10", "utility"]
43	1318428957	1598223344	5293995
42	1044916752	1582352588	4930765
41	1034412280	1580406765	3952836
40	1034412275	1580406757	3952836
39	1034280819	1580361814	5331749
38	1034280816	1580361799	5331749
37	961531524	1569959995	4930765
36	958448369	1569559849	5293995
35	933449016	1567556816	3118961
34	921743413	1567310077	4583766
33	921737705	1567309957	4583766
32	901565603	1565499723	3952836
31	901565234	1565498957	3952836
30	901565230	1565498941	3952836
29	881056964	1562623959	4930765
28	881056904	1562623722	4930765
27	881056886	1562623593	4930765
26	881056872	1562623512	4930765
25	881056846	1562623377	4930765
24	872233537	1561621650	5142667
23	844945648	1558215149	3118961
22	844943486	1558212595	3118961
21	805083433	1556415047	4548098
20	802016126	1556071602	3118961
19	800210699	1555860057	4076346
18	748915588	1555296157	4076346
17	746505208	1555259770	4076346
16	738706091	1555147407	4930765
15	700791068	1553641132	3803946
14	700790536	1553641120	3803946
13	683118376	1552684192	2930589
12	674276184	1551915833	4930765
11	650832827	1551235983	4930765
10	650493083	1551167822	4930765
9	650489355	1551152339	4930765
8	650489303	1551152211	4930765
7	650489242	1551152040	4930765
6	650489230	1551151943	4930765
5	650489193	1551151798	4930765
4	650488708	1551150226	4930765
3	650488622	1551150058	4930765
2	650488607	1551150017	4930765
1	650488585	1551149959	4930765
0	650488582	1551149942	4930765
