slug: 001contestshmeckie
title: "The Nuclear Chaos"
tags: ["001c"]
15	1516983523	1703448947	5982545
14	1356692580	1602550008	3672751
13	1356692549	1602549945	3672751
12	1356692542	1602549932	3672751
11	877914866	1561959101	4981794
10	429919057	1543353366	3187915
9	429916174	1543353326	3187915
8	142190163	1534479488	3722979
7	140656622	1534106113	330177
6	139326476	1533885598	330177
5	139268651	1533868968	4365296
4	139255305	1533865254	330177
3	139255129	1533865221	330177
2	139254677	1533865090	330177
1	139254204	1533864967	330177
0	139254159	1533864954	330177
