slug: j2020-contest
title: "April Fools 2020 Contest"
tags: ["contest"]
13	1289076109	1595797490	3118961
12	1066281512	1585716781	3118961
11	1066208126	1585715510	3118961
10	1066207748	1585714902	3118961
9	1066207741	1585714879	3118961
8	1056173744	1585405072	3118961
7	1050910171	1584992773	3118961
6	1050907812	1584987705	3952836
5	1050620611	1584325075	3118961
4	1050620598	1584325054	3118961
3	1050620581	1584325024	3118961
2	1050620512	1584324896	3118961
1	1048025074	1583266726	3118961
0	1048025014	1583266693	3118961
