slug: technology
title: "Технологии"
tags: []
52	1541203203	1767216131	754405
51	1531467458	1754773221	754405
50	1529830435	1746046812	754405
49	1525693110	1731186004	754405
48	1517071892	1703970016	754405
47	1512654034	1690837209	754405
46	1509045647	1680210016	754405
45	1497624887	1668891620	754405
44	1389127886	1646082015	754405
43	1364803183	1619817064	754405
42	1364803003	1619816399	754405
41	1179495441	1590786025	754405
40	1073153434	1586466663	754405
39	1047070246	1582923607	754405
38	987598272	1575147622	754405
37	921069203	1567285217	754405
36	540166095	1546117220	754405
35	136111153	1533070816	754405
34	135718780	1532898021	754405
33	129316615	1530306037	754405
32	116759210	1526763919	754405
31	110636446	1524171631	754405
30	100752341	1517346014	754405
29	91322569	1509397209	754405
28	85695827	1498857083	754405
27	79152812	1481317230	754405
26	78313411	1477774816	754405
25	76355207	1468098031	754405
24	58313854	1448830815	754405
23	55487722	1438431682	754405
22	51237857	1417976116	754405
21	51077009	1416937824	754405
20	50571824	1413820808	754405
19	49569521	1409490482	754405
18	49080898	1407246518	754405
17	48919698	1406470804	754405
16	48919608	1406470449	754405
15	47567465	1400437991	754405
14	46892026	1396827920	754405
13	45580454	1391960520	754405
12	43943914	1385779501	754405
11	41090285	1378178523	754405
10	41089830	1378177768	754405
9	40185470	1375718682	754405
8	39353085	1373217302	754405
7	39353079	1373217242	754405
6	39353072	1373217187	754405
5	38821807	1371415289	754405
4	38821765	1371415144	754405
3	38268271	1369464209	754405
2	38249188	1369389044	754405
1	38249118	1369388975	754405
0	38152745	1369060262	754405
