slug: archive
title: "Архив"
tags: []
20	1541203207	1767216139	754405
19	1530292285	1748552411	754405
18	1527035190	1735680128	754405
17	1517089732	1704057076	754405
16	1505629010	1672521082	754405
15	1387950181	1640985727	754405
14	1358791349	1609449077	754405
13	1033596542	1577827511	754405
12	550327545	1546291342	754405
11	110636443	1524171622	754405
10	94990827	1514754667	754405
9	79561505	1483218688	754405
8	78313417	1477774832	754405
7	61486579	1451631680	754405
6	51532682	1420053748	754405
5	51251226	1418056810	754405
4	50571802	1413820805	754405
3	50110616	1411461668	754405
2	44690425	1388505502	754405
1	38175271	1369143566	754405
0	38158928	1369083002	754405
