slug: news-2
title: "Новости - апгрейд 2013"
tags: []
42	1082433758	1588280424	754405
41	85695825	1498857082	754405
40	44694278	1388523380	754405
39	44694242	1388523333	754405
38	44690530	1388505838	754405
37	44635903	1388242970	754405
36	44327429	1387123785	754405
35	44156303	1386515901	754405
34	44023276	1386089334	754405
33	43952405	1385819971	754405
32	43749146	1385063170	754405
31	43627480	1384614560	754405
30	43610968	1384539320	754405
29	43584225	1384453570	754405
28	43526514	1384277479	754405
27	43490605	1384182092	754405
26	43300575	1383493972	754405
25	43270291	1383334487	754405
24	43223491	1383165138	754405
23	43216326	1383143932	754405
22	43103033	1382886993	754405
21	42323747	1380552605	754405
20	42048261	1379948606	754405
19	41933969	1379603094	754405
18	41179843	1378326067	754405
17	40944705	1377798191	754405
16	40634004	1377267051	754405
15	40555375	1377007026	754405
14	40445329	1376577795	754405
13	40185775	1375718946	754405
12	39966765	1375110820	754405
11	39651506	1374079928	754405
10	39418007	1373395954	754405
9	39353270	1373218216	754405
8	39150681	1372519914	754405
7	38866288	1371569240	754405
6	38637270	1370806443	754405
5	38275162	1369499506	754405
4	38260310	1369422609	754405
3	38236486	1369338903	754405
2	38211748	1369250703	754405
1	38186532	1369180107	754405
0	38159065	1369083656	754405
