slug: complaint-box
title: "Complaint Box"
tags: ["collaboration", "comedy", "document", "non-canon"]
149	1544484939	1780785335	10394044
148	1544484925	1780785253	10394044
147	1510628182	1685391736	5982545
146	1510608895	1685305767	5982545
145	1362181938	1618146259	3952836
144	1362141055	1617953826	6579982
143	1361741503	1616474204	3952836
142	1355987529	1600749107	4921282
141	1355987512	1600748965	4921282
140	1355987494	1600748826	4921282
139	1297622619	1595961997	4182660
138	1297622612	1595961969	4182660
137	1247032803	1595035770	3992967
136	1084216813	1588360195	3118961
135	971157276	1571868840	2930589
134	971155954	1571868814	2930589
133	970335443	1571785186	2976054
132	970315790	1571761675	3323177
131	970315751	1571761626	3323177
130	970315640	1571761511	3323177
129	956928564	1569298180	3702925
128	956914904	1569272722	4320656
127	919349447	1567239443	3992967
126	919347373	1567239416	3992967
125	919329146	1567239167	3992967
124	919326430	1567239125	3992967
123	919314885	1567238991	4981794
122	906562875	1566821103	3992967
121	897287900	1564673240	1350163
120	892727829	1563752453	3952836
119	890392405	1563153809	4921282
118	890392177	1563152645	4921282
117	890392159	1563152547	4921282
116	875803382	1561829968	4981794
115	872885473	1561642317	4393365
114	864001891	1561149973	4301161
113	863995378	1561149826	4301161
112	863990022	1561149706	4301161
111	859496740	1561040035	3722979
110	844831923	1558036875	3118961
109	803841941	1556378641	2976054
108	803840602	1556378624	2976054
107	803837963	1556378508	2976054
106	803837955	1556378495	2976054
105	803837954	1556378487	2976054
104	803837953	1556378475	2976054
103	803837870	1556378429	2976054
102	803837804	1556378410	2976054
101	803837795	1556378397	2976054
100	803837792	1556378384	2976054
99	803833079	1556378266	2976054
98	803831693	1556378230	2976054
97	803829506	1556378175	2976054
96	802129432	1556242389	4315330
95	802016573	1556072727	3118961
94	802016517	1556072573	3118961
93	801927286	1555945548	3118961
92	801927274	1555945466	3118961
91	700803110	1553648557	3952836
90	683830640	1553283946	4393365
89	681237406	1552194282	4393365
88	664353447	1551686814	4282051
87	664336700	1551686680	4282051
86	608862435	1547757031	4284983
85	538109178	1545623656	4297535
84	525826982	1545100942	4105536
83	484238742	1544413859	3952836
82	379776125	1542116504	4301161
81	379775206	1542116473	4301161
80	296223579	1540584216	3952836
79	217374529	1539888982	4301161
78	217364542	1539888892	4301161
77	217337607	1539888679	4301161
76	213427925	1539807921	3952836
75	212398543	1539735745	3207272
74	195275892	1539370469	4304662
73	195270537	1539370427	4304662
72	147878780	1537322733	2068794
71	147878646	1537322551	2068794
70	147005200	1536163761	3722979
69	146917490	1536053889	3992967
68	146713074	1535826829	3625466
67	141633777	1534340671	4301161
66	141633768	1534340654	4301161
65	141633482	1534340587	4301161
64	141632344	1534340276	4301161
63	141632152	1534340200	4301161
62	141631954	1534340142	4301161
61	141631572	1534340012	4301161
60	141631504	1534339979	4301161
59	138948182	1533772614	4307523
58	138848076	1533748263	4307523
57	138584506	1533670116	4182660
56	135696665	1532893909	3099812
55	133706824	1532252041	260457
54	133672888	1532232873	4301161
53	133672847	1532232795	4301161
52	133672785	1532232755	4301161
51	133672776	1532232735	4301161
50	133672133	1532232408	2068794
49	133457240	1532138135	4182660
48	133457166	1532138079	4182660
47	133456012	1532136443	4273932
46	133436280	1532102226	3992967
45	133425223	1532092011	4182660
44	133424823	1532091831	4182660
43	133384388	1532057060	4301161
42	133377325	1532049937	4265836
41	133377259	1532049813	4265836
40	133369042	1532029261	3743655
39	133369035	1532029215	3743655
38	133368077	1532026964	4142604
37	133367314	1532025222	3988366
36	133361065	1532013788	3992967
35	133356029	1532007001	3988366
34	133351669	1532002965	3803946
33	133341261	1531995924	3992967
32	133335219	1531991467	260457
31	133290286	1531976548	2068794
30	133288841	1531975860	3638389
29	133283673	1531973964	3478027
28	133283293	1531973734	3478027
27	133280451	1531972843	3478027
26	133280178	1531972773	3099812
25	133272150	1531969579	2325809
24	133271928	1531969494	2325809
23	133261304	1531965659	4347303
22	133259845	1531965197	1315056
21	133258108	1531964422	1959500
20	133255320	1531963668	4301161
19	133255184	1531963631	3992967
18	133253968	1531963373	4182660
17	133253587	1531963302	4347303
16	133252872	1531963114	4182660
15	133251640	1531962902	3992967
14	133250241	1531962592	4347303
13	133250222	1531962578	4347303
12	133248637	1531962270	4301161
11	133248505	1531962251	4301161
10	133246868	1531961951	3992967
9	133246717	1531961894	4142604
8	133246400	1531961844	4301161
7	133245650	1531961679	3803946
6	133245563	1531961652	4301161
5	133245366	1531961628	4301161
4	133242932	1531961143	3803946
3	133242804	1531961127	3803946
2	133241006	1531960636	4297535
1	133240809	1531960591	4297535
0	133240319	1531960383	3992967
