slug: papasnowy-s-cool-page-for-attractive-men
title: "snowy's depression pit"
tags: ["author-page"]
38	1519626159	1713194780	6723882
37	1516371961	1701314104	6723882
36	1516371957	1701314082	6723882
35	1516362258	1701273132	6723882
34	1516348065	1701223923	6723882
33	1516347868	1701223184	6723882
32	1516341087	1701200809	6723882
31	1508263103	1677801907	6723882
30	1366929556	1625762183	6723882
29	1365647769	1621262724	6723882
28	1365099607	1620910100	6723882
27	1364672787	1619218097	6723882
26	1362114376	1617936619	6723882
25	1362084421	1617772840	6723882
24	1362084420	1617772828	6723882
23	1362084418	1617772817	6723882
22	1361713767	1616377079	6723882
21	1361244017	1616190828	6723882
20	1361244016	1616190814	6723882
19	1361244015	1616190804	6723882
18	1361244012	1616190791	6723882
17	1361244007	1616190774	6723882
16	1361244003	1616190744	6723882
15	1361244001	1616190730	6723882
14	1360444103	1615423062	6723882
13	1360444056	1615423012	6723882
12	1360306723	1615311826	6723882
11	1360304597	1615306915	6723882
10	1360304459	1615306562	7307938
9	1360304435	1615306514	6723882
8	1360304404	1615306448	6723882
7	1360304397	1615306423	6723882
6	1360304391	1615306409	6723882
5	1360304348	1615306314	6723882
4	1360304257	1615306111	6723882
3	1360304221	1615306072	6723882
2	1360304211	1615306053	6723882
1	1360304206	1615306042	6723882
0	1360304201	1615306022	6723882
