slug: worm-that-walks-author-page
title: "Worm That Walks Author Page"
tags: ["author-page"]
17	1366853144	1625426967	6481401
16	1362028911	1617496633	6481401
15	1362028910	1617496624	6481401
14	1361932604	1616986659	6481401
13	1361932595	1616986623	6481401
12	1361932589	1616986593	6481401
11	1361932567	1616986468	6481401
10	1361932551	1616986393	6481401
9	1361932546	1616986378	6481401
8	1361932533	1616986330	6481401
7	1361727970	1616423344	6481401
6	1361727922	1616423215	6481401
5	1360445415	1615433058	6481401
4	1360444495	1615425900	6481401
3	1360444485	1615425789	6481401
2	1360313600	1615349986	6481401
1	1360313514	1615349372	6481401
0	1360313509	1615349358	6481401
