slug: rpc-790
title: "RPC-790"
tags: ["aggression-hazard", "aquatic-hazard", "ballistic-hazard", "explosive-hazard", "gamma", "organic-hazard", "red", "rpc", "sapient-hazard", "sentient-hazard"]
11	1519834629	1714112819	3050074
10	1519831225	1714088087	3050074
9	1519831213	1714088004	3050074
8	1386333097	1636915695	5528253
7	1367030159	1626326995	6481401
6	1360444440	1615425640	6481401
5	1360444431	1615425568	6481401
4	1360444426	1615425536	6481401
3	1360444390	1615425192	6481401
2	1360444352	1615424848	6481401
1	1360444349	1615424831	6481401
0	1360444346	1615424792	6481401
