slug: fragment:rpc-001-2-2
title: "RPC-001-2-2"
tags: []
19	1516588868	1702189057	5181020
18	1516578408	1702131756	5181020
17	1479585975	1659739223	7271260
16	1479553769	1659640747	5181020
15	1366475015	1623715776	5181020
14	1360446586	1615438847	5181020
13	1360446539	1615438611	5181020
12	1360446191	1615437493	5181020
11	1360446165	1615437343	5181020
10	1360446163	1615437329	5181020
9	1360446154	1615437282	5181020
8	1360446150	1615437266	5181020
7	1360446093	1615437216	5181020
6	1360446092	1615437201	5181020
5	1360446088	1615437166	5181020
4	1360446084	1615437151	5181020
3	1360446075	1615437107	5181020
2	1360446069	1615437081	5181020
1	1360446064	1615437044	5181020
0	1360446063	1615437029	5181020
