slug: rpc-579
title: "RPC-579"
tags: ["alpha", "extra-terrestrial-hazard", "rpc", "translated", "white"]
25	1371814302	1629340544	2818841
24	1361691555	1616256614	3952836
23	1360142545	1614513735	7271260
22	1356600616	1602370202	5689914
21	1355916697	1600497276	6264298
20	1215185582	1593322889	6264298
19	904366502	1565877676	3118961
18	856118194	1560883324	3638389
17	737444244	1555110878	3638389
16	737444242	1555110868	3638389
15	683120247	1552688471	3970162
14	683120237	1552688439	3970162
13	683120211	1552688400	3970162
12	683120208	1552688385	3970162
11	683120193	1552688333	3970162
10	683111339	1552663353	2930589
9	645201269	1550468422	2930589
8	645200007	1550464099	2930589
7	538844139	1545762376	2930589
6	537634908	1545530847	3638389
5	537634762	1545530824	3638389
4	537634586	1545530790	3638389
3	537621799	1545528379	3803946
2	537617904	1545527640	4981794
1	537563997	1545517337	4315330
0	537507889	1545506491	2930589
