slug: almarduk
title: "SCP-ES-277: Almarduk"
tags: ["author-page"]
51	1520693559	1717641311	3672751
50	1461318676	1653714991	3672751
49	1461298824	1653625042	3672751
48	1461298801	1653624862	3672751
47	1461298796	1653624831	3672751
46	1461298793	1653624817	3672751
45	1461298775	1653624701	3672751
44	1461298769	1653624659	3672751
43	1461298762	1653624640	3672751
42	1461298752	1653624579	3672751
41	1461298743	1653624541	3672751
40	1461298727	1653624453	3672751
39	1461298083	1653621743	3672751
38	1461298065	1653621576	3672751
37	1461229610	1653505736	3672751
36	1461229503	1653505385	3672751
35	1461229409	1653505218	3672751
34	1461228848	1653503176	3672751
33	1461228831	1653503098	3672751
32	1461228822	1653503075	3672751
31	1461228813	1653503017	3672751
30	1395212880	1647032265	3672751
29	1386335118	1636921948	3672751
28	1386334448	1636920054	3672751
27	1371979514	1629566013	3672751
26	1367305698	1627612488	3672751
25	1367305257	1627610325	3672751
24	1367305198	1627610128	3672751
23	1367133006	1626826799	3672751
22	1367132995	1626826706	3672751
21	1367132956	1626826347	3672751
20	1364893878	1620182008	3672751
19	1364893875	1620181993	3672751
18	1363720497	1618945906	3672751
17	1360738619	1615938547	3672751
16	1360738553	1615938302	3672751
15	1360562398	1615838578	3672751
14	1360458485	1615491300	3672751
13	1360455015	1615477514	3672751
12	1360446765	1615439779	3672751
11	1360446762	1615439709	3672751
10	1360446556	1615438708	3672751
9	1360446549	1615438658	3672751
8	1360446535	1615438595	3672751
7	1360446269	1615438090	3672751
6	1360446243	1615437891	3672751
5	1261656361	1595331760	3625466
4	1256137082	1595200014	3672751
3	1256136923	1595199165	3672751
2	1256129679	1595198938	3672751
1	1256128714	1595198915	3672751
0	1256123961	1595198796	3672751
