slug: rpc-020
title: "RPC-020"
tags: ["aggression-hazard", "beta", "radiation-hazard", "rpc", "sapient-hazard", "translated", "yellow"]
46	1543711893	1777875445	10197776
45	1528109902	1740608978	9487909
44	1522952335	1720519505	4315330
43	1506657795	1674173351	5982545
42	1506612168	1674002311	8310653
41	1506612154	1674002201	8310653
40	1459800944	1649131588	7952048
39	1361106229	1616160653	7271260
38	1355934644	1600544242	3118961
37	1073234947	1586709823	3638389
36	1073234945	1586709816	3638389
35	1048147863	1583620634	3952836
34	955680071	1569131133	3638389
33	955680011	1569131114	3638389
32	941801336	1567802668	4738222
31	933627832	1567559252	3118961
30	881060090	1562638640	4315330
29	805570894	1556518174	3646714
28	357743524	1541639084	2773416
27	354277211	1541558301	2773416
26	234185842	1540073396	3638389
25	234183588	1540073377	3638389
24	213447825	1539808220	3952836
23	212402959	1539746420	4695861
22	167265361	1539019758	2947029
21	164413347	1538957487	4279706
20	146719394	1535845097	4293284
19	146719250	1535844511	4293284
18	146709150	1535825103	2773416
17	133366257	1532023174	3992967
16	133207186	1531947686	3638389
15	131083191	1530899093	3995018
14	131080888	1530897498	3765552
13	127140663	1529599711	1948308
12	127085174	1529590291	1948308
11	126819829	1529551079	1720033
10	126711350	1529516373	1948308
9	126279470	1529428648	4240294
8	126139183	1529375174	2773416
7	126117552	1529354760	4240294
6	126111620	1529348239	2773416
5	126098273	1529335702	4240294
4	126098085	1529335643	4240294
3	126097924	1529335605	4240294
2	126097746	1529335503	4240294
1	126097711	1529335486	4240294
0	126097538	1529335427	4240294
