slug: membership-guide
title: "Membership Guide"
tags: ["guide"]
113	1532203694	1757419486	5982545
112	1531774054	1756192626	3638389
111	1529627445	1745764445	5982545
110	1529627420	1745764342	5982545
109	1529180781	1744324608	5982545
108	1524907129	1727556403	5982545
107	1524905813	1727546838	5982545
106	1524905799	1727546764	5982545
105	1524904087	1727538136	5982545
104	1524904053	1727537977	5982545
103	1524903902	1727537158	5982545
102	1524903649	1727536613	5982545
101	1523982391	1724079093	5982545
100	1523269624	1722220470	5982545
99	1523269602	1722220387	5982545
98	1523169196	1721670323	5982545
97	1521404388	1720037562	5982545
96	1517167023	1704486361	3638389
95	1515867278	1699402624	3638389
94	1515867271	1699402568	3638389
93	1514920243	1697260401	3638389
92	1512712643	1691031750	3638389
91	1511754293	1688235589	3638389
90	1511072530	1686195618	3638389
89	1509273354	1680660767	3638389
88	1508180374	1677687584	1315056
87	1507166246	1675369898	1315056
86	1506300751	1672880404	1315056
85	1504872721	1670982535	3638389
84	1497101878	1667350798	3638389
83	1494939359	1662247787	1315056
82	1479538038	1659579240	1315056
81	1475578165	1656729557	3638389
80	1461432531	1654108963	3638389
79	1460746988	1651428408	3638389
78	1460746968	1651428360	3638389
77	1459737674	1648855439	1315056
76	1389171000	1646313317	1315056
75	1389170995	1646313276	1315056
74	1388514971	1643724045	1315056
73	1388318803	1642712175	1315056
72	1387975547	1641164183	1315056
71	1387299932	1638675398	3952836
70	1386058840	1635874742	1315056
69	1379780756	1633113224	1315056
68	1379028737	1630534033	1315056
67	1367510098	1628545682	1315056
66	1366840828	1625361438	1315056
65	1366398503	1623420860	3952836
64	1366137262	1622554525	1315056
63	1364867300	1620071953	1315056
62	1361994067	1617300720	1315056
61	1361838528	1616612828	3638389
60	1360169517	1614632504	1315056
59	1358855713	1609693474	1315056
58	1358055680	1606838066	1315056
57	1357367757	1604499342	1315056
56	1356221588	1601565581	1315056
55	1311027482	1596335690	3118961
54	1224107493	1593987498	1315056
53	1084254820	1588435840	1315056
52	1072943122	1585873498	1315056
51	1064227831	1585619163	3118961
50	1048147136	1583618122	3952836
49	1047984776	1583198894	3952836
48	1047546129	1583067624	1315056
47	1047015530	1582818621	3952836
46	1034480886	1580607760	3952836
45	1022902349	1576525881	1315056
44	962411188	1570314833	2280149
43	881302079	1562767981	3952836
42	847240092	1558929778	3952836
41	846975986	1558403292	3952836
40	800500186	1555907419	3952836
39	688900367	1553396899	3952836
38	683783329	1553275073	3952836
37	665469136	1551738387	3952836
36	650484460	1551139514	3952836
35	650484286	1551139064	3952836
34	650483973	1551138368	3952836
33	650480885	1551129578	3952836
32	650480690	1551129092	3952836
31	641787726	1549936688	3118961
30	641493343	1549247023	3952836
29	641467311	1549182555	3952836
28	641428724	1549083626	3952836
27	641428682	1549083563	3952836
26	641340166	1548876675	3952836
25	638020654	1548614524	3952836
24	604643943	1547692368	3952836
23	541020573	1546142036	3970162
22	541018432	1546142002	3970162
21	540973005	1546140808	3638389
20	401224300	1542413849	1315056
19	363890832	1541736285	3638389
18	275980492	1540423987	3952836
17	218042070	1539896274	3952836
16	212211855	1539527501	3952836
15	167625090	1539027472	3952836
14	147363242	1536688672	3638389
13	140695264	1534115858	2773416
12	130139297	1530565154	4133655
11	130139201	1530565121	4133655
10	129676951	1530387842	1315056
9	129676912	1530387792	1315056
8	128679589	1530153960	4240294
7	128334394	1530036160	4240294
6	128133449	1529948073	4240294
5	127688453	1529775720	4240294
4	126236021	1529411118	4269024
3	126117450	1529354640	4240294
2	126117408	1529354591	4240294
1	126101957	1529338982	4240294
0	126100985	1529338175	4240294
