slug: site-099-decommissioned
title: "Site-099 [DECOMMISSIONED]"
tags: ["document", "site", "translated"]
67	1526977943	1735350752	9487909
66	1356854084	1602990005	6264298
65	1356811614	1602936470	6264298
64	1356811553	1602936326	6264298
63	1356811525	1602936233	6264298
62	1356811511	1602936187	6264298
61	1356811417	1602935866	6264298
60	1356318058	1601844157	5689914
59	1075276544	1587837585	3118961
58	1046883904	1582486180	3118961
57	1046881460	1582477883	3118961
56	954789893	1569079979	2776183
55	904432499	1565990850	3952836
54	904432326	1565990455	3952836
53	902942153	1565710088	3118961
52	899806552	1565021716	3952836
51	682542125	1552470647	3970162
50	682542111	1552470606	3970162
49	682542103	1552470577	3970162
48	674417748	1551935905	5148683
47	674415260	1551935811	5148683
46	589045788	1547215599	3167282
45	589038084	1547215533	3167282
44	424744382	1543110627	4558857
43	423859596	1543097800	3646714
42	403314320	1542487258	3646714
41	389727352	1542264032	4558857
40	389701276	1542263914	4558857
39	386171002	1542227540	4558857
38	370721490	1541890108	4558857
37	370671355	1541889661	4558857
36	356693966	1541625990	3952836
35	354270490	1541553826	4558857
34	352646481	1541370101	4558857
33	352646372	1541369961	4558857
32	338634434	1540960950	4558857
31	309997196	1540676514	4558857
30	244476558	1540191227	4558857
29	243914217	1540184164	4558857
28	243913114	1540184151	4558857
27	243887550	1540183823	4558857
26	243885464	1540183805	4558857
25	243883870	1540183789	4558857
24	234561773	1540076179	3638389
23	233959182	1540071017	4558857
22	233561904	1540067966	4558857
21	233512781	1540067548	4558857
20	233507469	1540067506	4558857
19	233503599	1540067468	4558857
18	163954954	1538947083	4558857
17	148834072	1538098602	4558857
16	148833897	1538098547	4558857
15	148833826	1538098522	4558857
14	148106499	1537642993	4558857
13	148106234	1537642529	4558857
12	148106231	1537642504	4558857
11	148106177	1537642341	4558857
10	147787757	1537096991	4365296
9	147781295	1537077320	4558857
8	147780727	1537075548	4558857
7	147780726	1537075534	4558857
6	147780723	1537075512	4558857
5	147780722	1537075500	4558857
4	147778844	1537069541	4558857
3	147778770	1537069436	4558857
2	147515531	1536901277	2906223
1	147509103	1536887964	4558857
0	147509070	1536887943	4558857
