slug: hydrozen
title: "Hydrozen"
tags: ["author-page"]
22	1511101180	1686233868	2976054
21	1511101076	1686233522	2976054
20	1511101059	1686233449	2976054
19	1366919413	1625703612	2976054
18	1366919411	1625703601	2976054
17	1366919408	1625703573	2976054
16	1366919404	1625703539	2976054
15	1362094797	1617822017	2976054
14	1356863468	1603026853	2976054
13	1356863427	1603026809	2976054
12	1356863425	1603026802	2976054
11	1356863421	1603026778	2976054
10	1034174036	1579960830	2976054
9	1034174029	1579960807	2976054
8	1034174023	1579960770	2976054
7	1034014400	1579449621	2976054
6	1034014397	1579449606	2976054
5	847864984	1560142712	2976054
4	847864981	1560142699	2976054
3	847864974	1560142672	2976054
2	847864956	1560142557	2976054
1	847864953	1560142535	2976054
0	847864914	1560142198	2976054
