slug: facilities
title: "Strutture sotto controllo della CEA"
tags: ["home"]
110	1532677941	1759628862	9546096
109	1532606054	1759418684	9546096
108	1532602137	1759407585	9546096
107	1532602042	1759407359	9546096
106	1532601785	1759406745	9546096
105	1532601736	1759406498	9546096
104	1532601635	1759406084	9546096
103	1532586624	1759339944	9546096
102	1532586599	1759339855	9546096
101	1532586591	1759339813	9546096
100	1532571590	1759287571	9546096
99	1532565552	1759257172	9546096
98	1532562348	1759245261	9546096
97	1532562209	1759244856	9546096
96	1532562189	1759244805	9546096
95	1532552734	1759201301	9546096
94	1532552666	1759200984	9546096
93	1531151192	1753292775	9546096
92	1530557666	1750250908	9546096
91	1529372658	1744838818	9546096
90	1527001008	1735482582	4022955
89	1527000986	1735482469	4022955
88	1527000982	1735482460	4022955
87	1527000660	1735481124	4022955
86	1527000655	1735481107	4022955
85	1527000650	1735481087	4022955
84	1524856044	1727281372	4022955
83	1520290651	1716017832	4022955
82	1520290604	1716017529	4022955
81	1520290595	1716017511	4022955
80	1520144401	1715412988	4022955
79	1519746804	1713716524	4022955
78	1518240723	1707901676	4022955
77	1518240607	1707901259	4022955
76	1518240600	1707901227	4022955
75	1518240507	1707900938	4022955
74	1518240126	1707899232	4022955
73	1517380228	1705074316	4022955
72	1516551685	1701991655	4022955
71	1516415098	1701471986	4022955
70	1513898434	1694515680	4022955
69	1513898414	1694515524	7176920
68	1513898372	1694515157	7176920
67	1513898236	1694514118	7176920
66	1512457479	1690143593	8699947
65	1512455872	1690132869	4022955
64	1512455324	1690130440	4022955
63	1512455058	1690129299	4022955
62	1512443268	1690082771	4022955
61	1512393272	1689880843	4428715
60	1512151922	1689097670	4428715
59	1512151805	1689096933	4428715
58	1511275399	1686704984	4022955
57	1507480378	1675844794	4022955
56	1506438417	1673384166	6284185
55	1479085572	1658172618	4022955
54	1479081501	1658155566	4022955
53	1479081457	1658155507	4022955
52	1461753720	1654688815	4022955
51	1461603405	1654364102	6284185
50	1461603379	1654364015	6284185
49	1461603293	1654363717	6284185
48	1461603275	1654363650	4022955
47	1461603271	1654363624	4022955
46	1461603248	1654363524	6284185
45	1461601289	1654357355	7618459
44	1461467014	1654186612	4022955
43	1461466131	1654185277	4022955
42	1386957903	1638102477	6284185
41	1386957893	1638102406	4022955
40	1379386306	1631555297	2954516
39	1379226205	1631195242	4022955
38	1379226204	1631195234	4022955
37	1379172026	1631049429	4022955
36	1379172023	1631049417	4022955
35	1379169505	1631035940	4022955
34	1379169477	1631035726	4022955
33	1379169472	1631035676	4022955
32	1371929926	1629406206	4022955
31	1371929715	1629405061	4022955
30	1371905536	1629389157	4022955
29	1371114211	1629220868	4022955
28	1371114206	1629220830	4022955
27	1371114204	1629220822	4022955
26	1371114175	1629220717	7176920
25	1371114163	1629220682	4022955
24	1371114156	1629220654	7176920
23	1371114146	1629220618	7176920
22	1371114134	1629220579	7176920
21	1371114119	1629220529	4022955
20	1371114110	1629220504	4022955
19	1371114086	1629220417	4022955
18	1371114067	1629220336	4022955
17	1371114065	1629220325	4022955
16	1371114061	1629220302	4022955
15	1371114045	1629220167	4022955
14	1371114042	1629220158	4022955
13	1371114034	1629220122	7176920
12	1371114030	1629220110	7176920
11	1371114026	1629220090	7176920
10	1371114023	1629220073	7176920
9	1371113982	1629220038	7176920
8	1371113976	1629220006	7176920
7	1371113971	1629219980	7176920
6	1371113910	1629219769	7176920
5	1371113869	1629219746	7176920
4	1371113867	1629219736	7176920
3	1371113866	1629219713	7176920
2	1367471918	1628402992	4022955
1	1367459340	1628326212	4022955
0	1367436632	1628187409	4022955
