slug: _tag-work
title: "_tag Work"
tags: []
15	1462177492	1655766399	3118961
14	1462177482	1655766340	3118961
13	1462176542	1655762812	3118961
12	1462175813	1655760356	3118961
11	1462174589	1655756367	3118961
10	1462174582	1655756341	3118961
9	1462173031	1655750921	3118961
8	1462171747	1655747020	3118961
7	1462167963	1655734993	3118961
6	1462154137	1655699094	3118961
5	1462103128	1655599530	3118961
4	1462102921	1655599008	3118961
3	1462102882	1655598830	3118961
2	1462102880	1655598820	3118961
1	1462102766	1655598182	3118961
0	1462102535	1655597328	3118961
