slug: project-blue-book
title: "Project Blue Book"
tags: ["bluebook", "hub"]
109	1528621997	1742778254	9487909
108	1528621942	1742778164	9487909
107	1528621883	1742777744	9487909
106	1528621845	1742777470	9487909
105	1516519198	1701810034	3050074
104	1507519594	1675971687	4583766
103	1379424962	1631794915	2818841
102	1379424957	1631794883	2818841
101	1379424944	1631794758	2818841
100	1379147408	1630935533	7271260
99	1379146822	1630932979	7271260
98	1379129917	1630848901	7271260
97	1379129691	1630847945	7271260
96	1379123369	1630809806	4583766
95	1379123300	1630809584	4583766
94	1379123128	1630808202	4583766
93	1367096925	1626653512	4583766
92	1367096922	1626653500	4583766
91	1367096900	1626653335	4583766
90	1367060580	1626486593	4583766
89	1367060565	1626486451	4583766
88	1367060433	1626485208	4583766
87	1367060423	1626485109	4583766
86	1366783056	1625025230	5293995
85	1366783045	1625025144	5293995
84	1366305204	1623030171	7271260
83	1366305199	1623030119	7271260
82	1366305196	1623030105	7271260
81	1366305173	1623029947	7271260
80	1358896127	1609863929	4583766
79	1358896001	1609863703	4583766
78	1358895995	1609863670	4583766
77	1084876164	1589053494	3118961
76	1050610733	1584308761	3118961
75	1047067241	1582916518	4583766
74	1047066490	1582914432	4315330
73	1033762947	1578528100	4583766
72	1033762944	1578528083	4583766
71	1033762921	1578527883	4583766
70	1033762725	1578526697	4583766
69	1033762724	1578526687	4583766
68	1033762717	1578526637	4583766
67	1033762700	1578526545	4583766
66	1033762695	1578526526	4583766
65	1033762683	1578526491	4583766
64	1033762679	1578526439	4583766
63	1033762512	1578525397	4583766
62	1033762502	1578525325	4583766
61	1033762491	1578525253	4583766
60	1033762487	1578525210	4583766
59	1033762486	1578525189	4583766
58	1033762485	1578525175	4583766
57	1033762483	1578525160	4583766
56	1033762481	1578525133	4583766
55	1033762477	1578525114	4583766
54	1033762475	1578525100	4583766
53	1033762470	1578525052	4583766
52	1033762467	1578525007	4583766
51	1033762460	1578524983	4583766
50	1033762453	1578524946	4583766
49	1033762450	1578524922	4583766
48	1033762448	1578524892	4583766
47	1033762441	1578524858	4583766
46	1033762440	1578524843	4583766
45	1033762433	1578524816	4583766
44	1033762400	1578524779	4583766
43	1033762395	1578524706	4583766
42	1033762393	1578524687	4583766
41	1033762389	1578524652	4583766
40	1033762382	1578524614	4583766
39	959723308	1569721857	4583766
38	955292394	1569092502	4583766
37	955272842	1569092163	4583766
36	955252686	1569091694	4583766
35	955217387	1569090081	4583766
34	950177351	1568692927	2930589
33	934739311	1567583383	4921282
32	934615061	1567579769	4921282
31	934611393	1567579548	4921282
30	897969321	1564708811	4583766
29	897920832	1564708026	4583766
28	894825012	1564446790	2930589
27	892924259	1564013360	2930589
26	892836547	1563935124	4583766
25	892836148	1563934852	4583766
24	886072511	1562868122	4583766
23	881747571	1562788493	2930589
22	844891087	1558156956	4583766
21	641456476	1549152465	4583766
20	641456064	1549151459	4583766
19	641456039	1549151363	4583766
18	641456023	1549151290	4583766
17	641455974	1549151142	4583766
16	641455967	1549151108	4583766
15	639325321	1548637937	4583766
14	590384732	1547364021	4583766
13	587549410	1547198344	4584404
12	567036791	1546646045	2930589
11	538880717	1545850643	4583766
10	538756723	1545725839	4583766
9	538747329	1545725508	4583766
8	519112936	1544802135	2241229
7	411700412	1542682216	3638389
6	377762195	1542063319	3625466
5	375557492	1541995436	4583766
4	375514873	1541992865	4583766
3	375514858	1541992800	4583766
2	375514839	1541992707	4583766
1	375514806	1541992572	4583766
0	375514736	1541992385	4583766
