slug: rpc-338
title: "RPC-338"
tags: ["children-of-nihil", "contact-hazard", "extra-dimensional-hazard", "extra-terrestrial-hazard", "gamma", "mechanical-hazard", "rpc", "sapient-hazard", "titanic-hazard", "translated", "visual-hazard", "yellow"]
20	1518746245	1709354797	2947029
19	1515248615	1698032497	4981794
18	1515245599	1698018033	4981794
17	1366625286	1624470745	3672751
16	1359933384	1613545080	5716946
15	1359852947	1613281362	3672751
14	1359364400	1611394307	6264298
13	1359364287	1611393773	6264298
12	1358814129	1609554045	3672751
11	1358235567	1607364364	3672751
10	1357628671	1605406661	3672751
9	1357628623	1605406476	3672751
8	1357628483	1605405483	3672751
7	1356691197	1602547962	3118961
6	1356392165	1602034601	3672751
5	1356375152	1601985662	6201458
4	1356375142	1601985636	6201458
3	1356375129	1601985592	6201458
2	1318541440	1598553234	5293995
1	1318526699	1598496148	3672751
0	1318526642	1598496133	3672751
